1000 100
95 142
26 99
24 100
100 160
93 151
34 195
50 167
80 114
1 185
10 113
28 174
53 111
87 106
100 149
20 59
27 189
2 184
98 159
3 61
71 190
86 183
29 63
70 161
57 103
26 89
76 128
75 171
10 103
81 147
34 96
14 108
53 128
29 133
96 133
85 168
36 160
44 75
67 111
69 101
58 186
61 190
38 64
23 189
15 83
98 200
79 82
43 173
36 105
90 107
88 199
63 147
61 182
4 167
86 106
44 135
8 14
0 153
74 159
82 139
98 108
82 83
48 87
42 121
32 32
74 184
77 92
57 186
41 177
29 64
70 89
92 111
70 180
65 192
29 184
17 69
25 48
100 120
63 67
53 126
1 142
1 62
41 127
25 149
63 175
38 188
14 107
14 142
46 137
8 8
75 197
90 113
53 122
42 112
76 111
76 125
78 102
22 88
12 57
58 61
99 168
95 109
15 18
76 192
99 153
65 113
22 113
85 89
66 113
93 148
97 194
27 187
14 124
39 187
56 81
6 194
1 141
38 84
37 81
27 165
66 142
25 79
96 123
78 158
56 141
12 172
62 68
76 171
24 144
92 138
35 41
28 41
36 157
34 38
16 137
13 147
42 110
8 68
30 155
100 127
81 118
34 192
49 134
13 29
45 174
21 180
23 56
55 95
33 125
68 111
11 29
10 17
18 44
20 106
66 86
24 34
96 162
18 149
39 91
78 200
23 28
2 42
89 139
23 183
78 184
48 156
37 45
32 141
64 137
64 157
89 160
7 64
32 59
39 82
28 33
44 75
3 172
60 181
50 143
58 118
23 76
86 154
86 185
58 198
42 164
86 94
46 130
85 107
27 44
24 132
57 61
95 136
24 150
100 121
78 143
61 70
76 183
97 104
44 189
71 172
40 93
64 68
25 160
67 164
72 141
75 164
70 176
37 121
81 115
51 160
81 137
65 183
70 77
89 137
25 182
64 130
8 72
40 144
34 132
62 172
83 180
23 109
14 26
59 176
21 28
31 174
88 166
16 134
89 138
34 86
21 119
81 172
38 136
67 125
19 173
19 114
61 172
26 104
48 171
16 147
89 173
52 114
86 94
8 133
96 129
91 139
84 85
77 172
36 121
41 78
16 111
20 35
26 105
65 106
41 189
21 85
12 97
13 192
52 94
2 55
95 128
25 164
7 7
86 155
31 105
2 185
11 42
16 88
22 77
76 171
61 65
11 42
25 44
30 69
19 158
37 177
77 182
50 187
40 159
63 113
94 139
14 177
42 176
93 153
14 29
84 107
21 128
84 117
6 53
42 194
67 75
77 77
94 150
31 48
60 81
53 115
60 75
94 96
65 108
1 64
49 161
60 118
63 194
75 115
2 120
88 95
62 107
71 105
30 33
4 33
88 102
55 65
53 172
30 62
31 138
91 128
2 57
41 156
79 118
10 50
48 192
69 110
44 53
15 191
77 79
7 121
56 98
59 102
92 103
2 182
83 160
19 71
21 23
65 69
90 122
94 175
95 126
63 114
81 170
97 164
99 144
98 159
6 110
10 41
72 73
57 193
70 177
13 178
88 180
90 97
49 68
56 101
27 154
16 153
89 154
40 140
82 146
13 91
82 122
74 77
92 179
80 109
53 185
52 190
20 23
3 64
61 109
20 34
73 90
99 123
18 143
69 187
29 132
46 181
4 126
68 79
100 198
97 181
92 162
35 85
1 28
28 73
60 176
75 157
31 53
1 161
100 104
34 145
24 43
9 199
12 26
38 101
26 194
77 162
66 168
17 196
76 95
89 198
23 145
8 141
69 146
94 171
94 183
45 195
82 85
3 137
75 144
83 188
55 185
5 64
86 140
45 104
96 139
72 94
12 174
5 185
15 190
29 179
16 45
57 195
88 130
74 155
18 65
2 29
14 86
89 104
31 101
87 140
15 69
53 78
59 196
69 75
98 176
76 160
19 33
14 130
9 63
85 112
15 187
69 159
44 115
45 52
9 112
22 101
86 147
63 189
68 149
44 77
35 115
27 157
85 137
25 47
72 92
6 67
94 131
67 70
66 86
45 99
65 152
40 161
71 113
69 118
18 74
24 155
62 170
81 190
58 190
2 26
15 106
26 144
65 78
99 196
96 137
41 161
57 98
76 113
47 169
22 189
82 109
18 139
70 86
80 170
35 60
34 53
98 144
36 87
46 77
98 113
79 157
17 77
73 83
70 156
93 140
12 137
68 147
100 157
97 133
76 157
67 103
93 129
74 177
89 149
16 109
24 118
42 58
4 137
96 176
5 46
48 52
25 97
21 162
3 172
38 117
99 197
93 169
46 126
87 112
90 117
26 111
34 188
85 186
52 146
74 113
92 124
86 102
81 170
95 152
62 117
55 183
63 147
65 188
77 128
17 166
72 185
32 50
100 145
75 167
42 48
29 162
35 174
67 184
91 137
69 163
66 140
4 94
14 52
76 118
82 144
66 150
37 87
91 150
1 172
94 157
100 172
72 189
20 68
8 192
74 85
53 158
93 160
84 183
47 170
65 74
13 64
21 33
7 101
50 158
37 169
70 184
43 107
56 138
75 156
30 158
95 141
27 133
66 104
12 26
51 200
29 111
31 196
57 136
9 199
19 50
68 138
84 192
40 100
100 148
99 136
7 86
83 196
66 184
45 161
33 82
52 185
1 68
67 85
24 92
75 100
38 136
36 186
54 185
23 64
51 59
73 199
57 172
4 60
9 170
97 192
86 198
51 106
60 75
63 169
14 156
6 108
0 2
0 84
1 36
32 68
43 164
67 134
87 136
29 168
71 107
97 152
36 138
31 83
100 121
6 156
52 129
12 125
32 149
100 159
88 103
44 57
12 143
39 185
41 61
61 122
34 134
34 140
66 170
86 114
89 187
11 11
22 167
51 96
19 123
1 182
58 190
65 139
17 181
33 119
84 115
84 171
0 103
57 170
98 132
91 141
0 39
7 185
97 196
45 51
18 145
78 110
7 177
45 131
99 127
9 98
54 109
40 61
51 171
65 128
61 70
94 154
75 174
18 23
71 194
97 198
27 197
96 113
99 133
45 114
55 166
1 100
81 131
35 75
23 75
57 64
12 111
78 173
45 165
6 130
1 185
69 177
83 138
80 154
75 147
97 127
50 61
2 196
97 122
90 175
79 197
2 164
82 193
51 185
62 162
56 173
36 62
74 185
49 169
91 184
98 192
65 140
85 177
67 95
2 44
46 127
10 97
13 145
30 190
73 132
89 171
98 114
66 132
29 47
33 55
33 153
83 189
44 55
94 159
91 136
92 100
6 31
11 151
62 120
56 165
34 73
57 139
71 166
45 154
84 96
48 91
32 199
61 155
14 17
98 121
78 152
80 105
0 40
67 88
30 193
85 140
29 150
59 118
87 167
66 75
12 200
89 171
78 158
11 63
6 148
41 142
12 182
31 172
81 195
79 109
65 108
29 55
8 172
60 155
76 108
70 165
26 177
62 197
16 190
15 175
0 12
86 180
52 146
50 156
96 133
15 39
65 128
54 72
44 76
64 106
20 33
85 182
22 92
71 118
17 66
6 28
24 87
31 137
67 137
62 76
70 198
99 177
60 130
25 165
21 116
12 40
51 182
45 107
92 120
9 133
57 135
22 62
33 91
87 115
11 137
64 157
45 50
41 144
75 78
88 140
17 173
45 173
35 117
6 171
49 72
1 104
63 89
82 154
6 59
10 122
60 173
43 118
96 102
75 100
58 197
79 113
70 183
63 159
64 192
3 146
54 177
42 138
59 128
57 129
33 190
1 132
56 164
26 138
49 158
66 191
58 180
96 148
40 73
8 196
33 58
91 194
24 98
94 126
6 153
23 90
99 103
0 119
98 168
69 81
88 132
63 148
49 90
80 116
55 131
62 153
21 113
20 157
91 153
95 143
63 134
47 66
97 121
76 181
95 139
72 93
65 172
81 82
17 54
38 52
78 81
26 81
73 158
87 181
78 122
94 103
59 81
49 133
96 146
84 105
92 173
59 188
65 198
89 160
42 129
65 98
19 100
20 27
27 147
6 82
37 41
22 105
81 91
41 136
91 165
46 106
77 132
6 72
39 181
56 69
45 152
68 97
98 175
62 81
30 111
66 172
73 123
26 60
2 112
51 180
95 134
88 169
35 66
89 124
69 118
98 175
96 96
78 113
77 119
76 107
30 155
63 129
67 76
27 194
68 147
50 118
72 194
80 197
23 166
25 165
90 193
62 118
70 196
0 131
61 158
16 156
6 81
34 160
89 89
63 190
73 149
84 154
14 151
2 59
46 149
25 112
99 161
54 70
51 117
36 130
58 153
17 82
30 76
27 74
28 79
77 128
45 199
66 70
63 86
36 51
82 152
53 177
58 85
50 169
62 188
60 123
35 46
86 143
76 121
27 197
86 110
34 120
24 25
58 99
51 196
81 164
60 78
36 139
62 79
98 165
63 120
3 188
1 61
98 116
81 86
7 172
88 171
6 22
39 172
14 46
