2000 100
23 67
93 180
81 108
80 89
51 68
99 167
82 160
58 95
59 167
92 197
55 198
23 165
70 198
92 100
35 80
44 151
65 120
84 154
92 170
49 197
19 53
96 176
9 23
74 90
19 177
73 76
84 99
38 132
86 182
93 159
12 89
38 151
73 121
95 95
29 167
98 154
56 196
37 185
37 77
10 76
71 80
37 180
5 65
87 118
100 149
57 106
21 99
30 182
6 75
96 122
49 49
89 120
32 156
73 185
64 89
51 133
83 95
86 192
76 157
31 113
76 87
53 84
48 113
6 25
74 147
61 172
13 123
91 98
34 57
93 184
5 89
5 137
69 104
61 78
35 77
97 149
88 197
63 167
10 57
43 46
19 126
64 161
2 114
18 197
78 139
7 53
4 124
9 97
39 93
100 137
43 166
62 154
57 67
49 175
10 145
82 192
39 191
28 138
58 151
7 125
88 193
61 95
99 172
8 198
82 156
84 123
34 200
56 143
39 158
17 186
74 175
12 180
38 87
70 146
14 31
13 95
29 62
54 74
71 122
87 161
21 164
84 174
3 132
84 196
26 143
98 167
90 124
31 63
78 78
71 78
8 108
70 142
83 87
81 180
68 103
39 141
1 45
0 123
39 177
78 91
27 174
23 80
36 80
86 91
81 170
45 197
11 148
51 113
86 122
95 189
55 147
77 196
95 134
19 29
100 185
74 143
26 180
45 73
1 100
58 139
2 92
98 109
52 192
97 120
49 88
14 74
75 194
20 64
51 199
79 146
98 170
58 129
95 137
13 65
64 192
36 125
13 127
12 104
29 149
21 32
77 145
31 62
94 185
83 118
99 176
47 174
86 133
65 125
6 114
43 156
56 60
22 73
45 109
50 81
4 40
2 172
86 90
45 193
36 126
33 142
98 140
3 88
95 180
82 148
3 165
80 104
96 149
69 187
80 180
92 136
79 99
15 118
13 123
60 63
80 197
45 179
98 122
76 115
60 104
71 99
41 147
22 172
40 175
73 74
94 157
29 112
45 182
81 183
10 15
29 183
59 161
72 98
60 133
2 105
52 104
45 105
45 94
98 152
90 194
20 108
99 140
25 115
53 72
59 60
5 153
68 107
10 30
71 148
65 146
72 165
83 177
75 129
61 88
17 105
45 134
88 182
31 61
59 162
76 135
86 106
48 54
78 81
9 200
79 141
12 20
70 170
50 122
50 64
1 100
65 143
73 180
95 121
22 125
65 91
45 196
10 167
26 77
57 102
3 161
95 177
33 194
75 161
9 169
89 139
93 160
64 116
45 72
59 190
95 180
79 135
100 125
45 65
56 175
47 151
62 106
67 198
32 33
35 86
37 197
43 76
20 147
69 162
10 43
78 134
52 108
22 134
73 93
94 170
59 139
36 168
73 176
16 34
87 200
57 78
61 113
64 80
73 200
96 138
91 116
81 169
18 129
9 169
27 175
24 44
54 69
97 121
57 115
13 97
96 160
32 152
6 65
69 121
20 156
58 112
46 86
65 180
1 97
74 86
46 178
4 105
3 25
68 177
99 195
41 175
75 184
47 86
85 125
94 159
56 108
79 198
55 193
74 135
55 156
44 84
68 76
28 103
94 132
53 131
78 111
34 152
51 61
80 141
17 36
22 172
99 162
82 163
34 62
41 178
34 103
44 149
77 85
13 24
90 92
7 99
19 83
7 54
5 71
55 60
59 134
40 78
15 183
32 70
17 102
14 155
37 94
27 145
94 133
72 110
99 128
45 85
38 80
22 152
94 162
40 83
46 140
51 80
41 93
24 106
44 63
97 186
68 139
46 136
67 101
37 183
74 109
11 113
70 154
56 147
53 108
9 87
42 167
29 59
67 145
65 126
81 155
85 121
25 147
12 67
74 92
63 159
70 164
69 116
40 69
78 143
87 171
8 77
28 90
35 171
54 182
63 104
83 95
7 164
9 9
54 132
84 173
32 131
95 135
64 163
5 8
94 134
32 86
39 97
9 16
73 171
65 98
52 182
33 158
88 197
2 172
95 124
60 158
80 149
48 122
79 94
38 78
86 131
42 99
57 161
28 164
14 144
77 84
25 131
25 28
46 53
25 43
82 149
51 172
22 47
39 161
30 76
77 177
55 107
42 52
54 81
28 44
73 166
77 134
34 185
16 30
63 187
15 43
76 197
45 147
12 22
22 187
69 106
65 185
72 166
42 79
97 122
22 83
29 171
6 38
48 61
72 176
11 167
89 124
89 144
52 137
67 153
15 195
73 158
9 19
66 148
6 119
95 194
48 68
70 144
83 197
36 127
28 111
12 167
47 155
25 140
8 141
16 139
36 55
4 59
20 130
36 105
34 51
28 83
58 95
36 39
32 158
21 108
89 130
80 112
94 163
78 150
23 125
71 100
54 95
27 98
56 98
85 93
32 75
2 143
14 52
64 177
19 21
23 54
76 76
75 198
50 80
91 192
97 199
65 136
8 64
41 160
25 25
75 189
7 169
42 136
98 167
91 153
63 178
70 179
10 82
87 134
4 163
84 108
87 109
56 127
87 163
100 192
26 177
84 89
40 106
70 95
26 139
3 103
15 120
23 192
82 190
92 92
41 144
71 163
15 31
12 28
25 98
30 122
25 64
41 129
41 89
31 193
24 110
57 144
27 33
46 192
77 165
98 143
34 167
33 115
23 48
54 179
67 200
16 104
92 111
22 170
65 160
74 160
75 143
49 105
30 108
13 196
57 83
15 137
26 66
95 140
78 199
59 106
4 156
15 160
97 167
19 154
65 101
13 121
89 197
76 168
55 87
84 175
62 121
1 23
62 124
39 198
3 97
13 143
43 137
35 165
28 167
32 134
6 57
84 89
73 200
35 67
24 72
81 179
68 73
53 159
0 82
80 122
64 119
24 64
83 85
87 132
83 120
35 74
65 99
39 104
49 52
69 92
95 178
17 142
72 200
69 81
58 91
17 151
39 183
18 37
38 114
99 123
69 104
87 185
85 137
53 68
92 187
18 22
49 166
42 191
13 196
84 199
79 93
0 70
93 111
1 145
64 168
96 155
52 125
81 170
95 141
74 155
95 184
17 68
55 77
68 142
67 157
94 114
89 120
82 102
13 83
97 131
93 100
67 101
91 185
98 107
66 169
52 158
82 193
9 80
5 195
20 135
38 39
33 157
80 149
37 46
40 106
23 187
88 177
96 114
94 171
16 85
78 186
87 144
5 156
11 76
77 127
64 124
78 169
32 125
11 175
71 192
32 87
9 45
14 33
12 182
42 188
79 88
59 158
44 177
90 189
22 78
18 105
92 179
73 103
58 187
85 104
58 77
66 71
56 110
4 13
60 188
81 194
79 169
62 187
56 174
73 149
7 153
92 124
77 93
42 127
69 178
72 76
99 116
27 153
83 180
97 192
5 105
78 195
90 163
65 74
6 115
98 99
95 185
27 67
74 154
40 76
30 136
25 72
92 195
47 196
35 56
6 139
8 98
28 181
45 119
11 30
58 162
87 131
83 133
19 40
33 173
65 70
20 57
85 117
48 62
65 89
3 63
42 66
67 125
67 114
47 121
61 108
100 154
86 200
61 157
19 162
68 141
5 32
61 94
44 79
61 159
42 106
1 134
89 117
8 79
61 168
84 182
69 80
4 13
49 199
62 125
80 198
1 120
75 89
93 183
47 103
89 177
36 150
9 68
65 126
17 89
97 141
79 122
16 177
30 79
41 185
77 80
31 57
83 119
69 130
45 98
89 167
95 101
8 75
39 98
94 135
50 57
76 98
14 165
6 20
36 45
50 197
23 160
85 146
37 192
10 34
88 173
14 37
54 61
99 131
59 115
70 178
100 130
3 29
37 70
54 192
30 72
45 181
30 170
59 88
37 125
61 73
59 143
24 61
83 134
25 50
63 193
92 145
29 103
1 159
81 182
55 190
91 138
79 200
48 105
63 162
33 155
84 186
93 147
69 149
36 189
88 166
41 190
46 123
95 123
71 186
52 176
88 153
39 146
17 41
96 192
99 127
67 173
9 46
95 141
41 188
38 144
33 184
55 152
41 144
61 72
33 167
18 48
88 200
22 154
97 195
21 149
93 153
58 84
51 197
78 96
11 121
48 134
6 30
38 132
53 76
92 177
90 179
63 155
96 175
25 80
88 100
36 67
59 65
86 133
83 148
29 198
2 4
45 97
56 132
25 71
64 94
7 152
24 149
18 174
68 126
34 185
74 119
5 61
13 65
65 125
30 184
8 51
14 124
73 114
4 111
1 174
86 114
12 185
52 105
82 198
89 199
5 198
39 86
1 98
64 196
1 29
80 154
22 49
36 59
66 192
56 109
95 157
20 26
63 132
24 83
61 107
94 121
44 135
1 171
15 145
96 96
58 200
23 25
9 66
20 153
82 174
4 14
49 107
27 182
2 88
58 93
18 33
57 177
30 67
66 140
59 183
35 171
47 187
63 127
6 97
84 157
74 120
15 51
87 97
91 126
48 95
3 173
36 153
62 111
55 162
86 130
72 182
34 73
73 173
53 103
95 198
31 59
97 197
98 135
16 28
12 127
86 103
97 190
45 192
52 114
80 145
47 138
70 91
32 64
99 176
64 143
17 68
56 58
80 123
94 159
92 109
82 104
8 170
20 135
79 176
75 169
64 162
43 78
71 96
56 198
54 115
31 197
70 128
68 74
78 97
18 24
49 138
1 67
15 135
92 124
59 85
59 141
67 80
2 51
45 62
93 200
63 151
64 116
83 104
83 96
70 85
29 46
15 71
79 141
55 63
65 177
25 69
26 99
79 97
13 160
29 36
57 131
23 112
69 108
94 129
91 184
18 18
41 57
68 168
43 140
24 31
46 185
81 187
23 109
95 122
80 99
72 123
34 119
34 65
40 171
4 114
38 51
14 88
9 49
55 109
100 108
6 29
41 144
64 83
47 95
96 135
17 159
81 198
92 112
39 192
60 87
7 33
95 167
16 97
59 88
11 92
83 187
55 89
62 184
76 187
84 90
0 65
20 143
34 79
90 195
8 55
73 146
56 117
26 55
21 25
46 196
85 112
62 189
97 112
19 113
16 68
62 144
19 54
7 99
92 118
28 167
24 145
30 95
62 87
29 180
83 199
87 104
27 29
11 84
79 145
63 89
37 107
73 113
76 170
91 147
86 196
73 140
78 128
75 79
43 177
29 109
50 149
60 109
38 68
61 114
19 101
6 112
37 66
82 114
92 195
1 165
50 132
41 100
54 100
25 28
42 42
50 79
87 96
31 113
15 29
15 37
27 54
56 161
94 189
93 180
71 186
22 64
92 154
63 102
98 145
78 140
53 139
87 134
88 132
64 125
26 178
79 106
13 171
63 111
67 103
21 71
95 140
95 122
54 55
76 166
42 102
79 108
70 164
33 177
93 196
17 66
84 84
89 119
71 200
19 159
38 38
15 61
4 35
1 86
68 100
82 135
25 69
73 81
63 121
0 192
70 131
6 106
22 32
67 67
96 153
84 105
1 121
94 107
53 122
62 122
98 125
100 189
94 119
91 170
81 96
5 56
87 124
53 144
55 169
81 150
74 165
26 175
47 104
60 199
61 87
91 144
74 118
9 53
30 106
69 119
59 145
65 146
80 130
40 85
97 171
25 173
72 162
84 199
88 157
100 114
63 159
74 177
17 195
55 104
70 139
56 84
7 36
48 147
29 101
22 42
57 182
11 39
99 153
49 113
89 192
71 122
48 79
66 180
49 109
58 104
3 176
85 132
72 177
32 92
18 188
58 60
9 177
90 116
86 176
27 44
10 182
89 191
76 110
62 172
10 154
3 53
38 193
49 156
87 101
48 108
47 149
42 90
53 195
1 107
1 163
36 125
74 100
56 128
37 155
25 141
65 78
53 103
45 62
36 176
10 138
40 192
95 181
59 164
52 77
41 47
60 140
79 158
90 105
39 186
35 91
87 165
80 99
4 15
11 179
83 108
57 113
61 154
35 38
60 128
49 77
28 53
15 116
78 101
25 114
79 129
87 106
26 189
73 77
32 174
73 170
43 176
69 127
83 126
11 114
73 94
100 152
23 85
43 150
24 86
3 117
40 177
94 111
96 158
76 140
94 109
22 169
42 49
52 136
18 26
39 195
32 60
29 57
96 116
69 149
52 65
94 176
99 121
45 149
97 133
59 119
4 177
12 146
95 175
58 188
33 163
35 76
36 192
69 117
29 50
38 138
25 71
98 192
5 109
78 94
89 105
94 163
31 138
36 73
19 100
97 186
61 132
21 197
43 145
28 159
34 97
69 79
66 190
66 108
97 195
50 94
6 22
100 130
23 173
96 163
57 110
57 106
8 108
19 108
52 93
62 185
10 51
16 72
91 164
22 148
59 191
21 164
83 180
2 85
68 193
6 101
85 174
85 114
84 139
30 66
0 125
8 194
83 165
100 127
38 38
82 124
47 87
21 62
2 12
5 124
79 92
66 82
79 161
3 51
72 195
92 158
83 174
36 158
75 108
82 167
61 93
84 189
26 78
80 115
11 139
9 161
64 97
41 103
90 113
69 119
53 67
21 57
59 71
65 133
7 188
44 108
70 149
47 178
94 135
80 84
80 191
15 184
48 178
37 59
31 170
77 142
6 170
76 123
94 151
76 189
72 197
95 128
59 187
8 102
82 170
79 140
72 166
52 194
59 152
96 125
14 181
42 50
6 69
52 153
69 184
49 164
76 113
89 184
43 57
73 76
80 168
75 195
29 40
72 170
1 48
53 122
8 98
37 163
7 69
41 197
14 44
12 86
61 129
42 142
49 49
27 112
59 185
20 100
52 126
5 10
3 18
30 89
22 147
19 161
42 193
33 89
96 142
87 155
81 124
86 171
99 99
60 61
61 186
66 105
27 133
52 94
39 191
54 106
36 148
42 119
56 85
93 195
64 83
100 126
46 56
62 88
0 78
24 118
76 88
85 153
90 184
15 34
32 53
26 54
44 169
21 77
76 91
31 39
0 96
35 87
68 118
52 117
50 200
50 55
31 115
33 95
94 130
14 180
76 196
97 161
19 105
67 80
65 116
37 182
46 57
31 135
51 92
59 73
9 192
47 100
95 123
48 154
31 86
94 132
53 83
92 144
27 150
57 115
22 126
46 108
1 47
91 194
5 14
42 49
32 75
7 125
75 85
30 105
8 17
19 113
40 184
3 186
12 195
96 105
69 107
78 123
46 166
47 190
26 69
15 53
70 75
93 105
4 82
47 105
36 115
80 106
82 172
44 87
20 189
81 99
43 131
43 164
91 169
25 71
82 100
19 56
65 95
88 133
33 114
64 104
30 46
82 117
33 40
96 194
36 197
77 170
36 48
18 97
32 148
8 69
8 113
100 159
65 153
29 54
58 181
89 124
69 166
0 156
69 144
79 106
94 113
28 39
75 185
18 70
28 87
98 181
92 156
29 66
54 97
56 190
47 163
20 194
36 39
57 135
98 120
25 178
25 85
51 150
35 53
8 71
59 171
9 174
81 138
71 183
85 143
52 165
72 75
56 96
38 110
8 9
84 167
34 104
66 89
44 183
71 102
12 179
9 43
93 176
61 93
34 200
34 187
46 118
38 195
89 127
34 81
23 182
60 68
32 189
76 186
69 182
51 118
2 80
42 90
69 78
60 63
66 183
67 97
39 80
46 48
8 150
21 46
84 159
66 200
7 75
31 169
62 82
63 98
52 117
75 151
16 29
47 93
91 133
34 46
39 62
22 157
91 177
41 75
53 195
91 109
20 66
63 198
60 138
61 90
35 149
20 35
31 53
33 185
63 107
68 142
62 157
64 116
61 88
43 102
96 195
52 161
72 169
5 105
38 83
48 174
62 115
83 122
48 68
51 148
59 106
39 75
99 192
84 107
43 189
100 149
54 178
92 125
7 94
97 135
16 95
53 186
68 68
49 182
83 180
27 53
33 122
13 128
18 106
68 186
62 87
44 122
61 129
98 158
42 187
70 119
85 144
78 170
76 173
58 168
59 154
59 136
29 56
13 129
65 140
2 67
7 130
66 184
59 145
26 178
73 144
84 127
10 135
84 187
8 171
17 71
79 116
55 68
68 198
84 149
70 127
42 158
87 156
79 165
3 129
40 156
77 181
64 131
26 102
45 87
53 145
22 195
92 169
48 174
100 198
25 85
56 68
54 168
40 140
63 67
68 185
27 42
1 23
37 46
63 130
1 29
87 152
60 90
64 174
27 120
25 38
60 193
39 77
82 126
34 177
81 188
64 72
3 46
99 151
51 101
71 187
11 33
45 164
18 63
75 163
74 179
60 174
47 90
53 88
65 109
2 109
53 195
75 89
67 139
79 199
62 199
24 49
11 55
1 30
83 159
29 80
74 186
97 197
96 124
21 38
16 63
57 60
54 126
98 198
0 138
39 110
76 172
17 164
22 58
1 5
67 70
50 174
21 114
80 169
75 133
60 175
35 159
62 168
89 89
30 55
48 166
22 134
3 114
98 126
88 165
49 64
7 109
83 190
35 163
7 157
94 150
63 112
82 177
36 48
98 119
36 56
52 192
26 77
83 118
11 111
58 171
82 139
59 79
70 128
84 165
39 113
88 153
31 65
50 86
82 120
13 100
86 160
21 102
83 158
77 147
66 146
39 106
41 131
100 115
43 187
100 100
45 81
37 89
12 116
4 160
64 187
99 118
69 169
65 83
85 125
10 27
97 133
59 179
0 20
86 181
35 96
5 166
61 118
68 149
19 176
96 159
69 84
91 196
69 73
36 102
23 75
48 93
65 194
20 45
46 94
71 172
82 115
37 100
35 96
73 144
37 138
27 154
14 186
94 98
6 105
87 185
41 199
63 92
35 82
68 143
25 114
78 162
95 99
56 81
16 98
43 121
25 121
19 126
33 81
15 35
100 149
82 109
9 60
18 70
65 76
18 40
37 170
58 181
16 81
37 126
40 139
14 26
93 157
69 127
0 84
54 54
78 163
39 187
93 155
98 101
86 119
