3000 100
3 87
94 171
45 82
80 170
44 144
45 71
77 170
46 108
91 95
9 52
7 18
1 118
15 179
42 110
48 180
69 70
91 181
31 134
98 159
46 147
72 142
24 96
3 41
83 156
83 129
52 101
76 119
79 124
58 143
55 124
1 141
73 200
32 196
55 125
25 98
16 104
37 140
32 71
18 98
15 74
6 126
75 106
20 62
62 101
62 149
88 132
0 155
86 132
86 186
57 160
14 116
55 145
18 162
79 155
15 55
31 89
29 80
75 171
12 66
36 51
34 124
65 133
42 50
24 142
48 115
33 94
6 188
63 185
98 131
32 177
52 77
92 137
67 77
43 96
7 24
73 198
100 200
50 89
84 200
87 89
97 168
94 116
2 141
48 196
34 86
9 99
2 164
79 128
0 200
45 65
10 190
38 186
56 76
33 99
38 183
53 148
83 128
55 194
3 41
59 138
69 180
5 43
48 183
37 61
20 185
55 135
99 113
18 81
99 186
56 85
43 90
34 35
64 152
3 95
19 95
15 183
68 101
66 182
80 171
29 135
44 92
47 115
87 190
67 174
44 90
40 180
89 185
57 168
31 54
74 195
80 176
47 105
100 133
40 85
23 144
46 135
92 114
29 193
79 177
43 176
54 191
13 167
60 188
94 188
65 124
91 125
16 162
94 132
54 110
27 130
18 131
2 64
25 157
12 33
6 123
20 79
76 171
89 177
78 106
7 40
78 140
23 46
17 137
72 164
51 185
29 190
52 144
44 171
11 97
74 104
64 144
0 27
16 88
80 118
26 46
6 197
95 148
74 184
78 153
35 151
51 97
71 150
56 130
61 115
30 94
95 176
72 157
16 163
11 80
22 151
49 95
72 189
33 40
5 128
36 164
30 154
89 162
12 100
87 145
53 77
2 68
69 142
16 168
62 184
52 93
6 89
66 127
36 132
16 142
86 162
79 122
47 56
82 142
12 162
1 190
44 111
4 117
44 119
74 101
79 114
30 155
28 100
72 81
81 119
9 133
16 19
98 131
43 129
55 157
63 181
9 196
36 85
44 179
43 56
44 134
3 93
88 128
24 153
23 51
92 113
72 77
62 109
11 94
64 109
47 182
47 157
33 74
51 60
99 104
60 171
91 163
67 179
43 169
49 84
55 185
59 99
61 186
94 162
92 144
31 159
43 147
76 132
23 49
23 86
31 62
67 189
93 168
55 139
34 97
65 157
0 111
96 166
11 141
36 140
25 87
6 35
68 96
29 150
30 100
28 180
84 128
12 102
100 179
69 129
79 125
85 116
87 105
29 154
97 186
41 189
83 109
14 67
40 47
99 130
55 100
36 198
58 58
25 80
50 194
87 99
84 168
66 160
89 102
51 138
17 183
0 82
99 147
6 11
31 130
60 178
53 145
13 97
68 131
78 200
12 25
91 92
85 145
92 128
82 161
74 96
22 62
64 187
23 97
36 89
42 200
47 84
47 188
97 167
63 191
55 58
38 166
52 67
65 152
21 79
5 46
40 129
2 199
54 124
90 104
82 140
52 124
51 93
16 78
64 67
89 131
46 166
46 93
30 178
79 120
36 106
40 55
82 130
33 53
54 96
59 156
46 125
62 164
20 22
85 197
23 132
88 165
86 162
86 148
96 161
33 186
90 179
37 92
77 139
59 156
96 117
68 93
77 176
63 181
78 178
85 194
63 129
35 87
48 174
27 30
43 115
30 49
61 93
39 168
13 15
29 200
16 54
92 134
54 111
83 196
92 165
4 74
69 151
2 93
48 170
49 96
29 153
93 162
49 122
44 90
1 104
43 185
46 163
59 123
2 92
7 162
83 186
50 121
19 33
70 142
71 187
24 90
29 170
69 173
65 180
48 49
22 140
9 61
25 153
67 81
29 97
29 84
56 94
14 42
78 120
5 113
11 87
76 133
69 95
88 117
73 147
16 81
44 124
26 158
59 102
50 186
22 161
28 39
39 174
27 59
33 63
66 127
28 55
4 176
54 196
57 91
14 185
20 92
89 103
53 56
98 142
67 158
10 41
32 153
31 167
70 170
46 72
75 138
13 112
55 86
75 194
14 122
47 102
26 48
30 114
53 98
72 145
39 142
18 172
98 118
0 58
25 163
57 198
28 150
53 69
25 189
63 77
19 166
94 166
57 140
41 143
8 162
18 149
77 158
16 116
69 195
89 176
65 155
66 99
35 197
80 142
15 27
25 96
17 122
59 106
82 185
65 180
91 188
15 68
4 89
90 165
62 139
13 188
69 89
39 126
89 198
72 105
32 81
27 191
91 121
37 126
49 199
21 90
3 7
36 130
73 128
45 110
94 191
64 165
88 181
9 148
98 174
78 148
22 116
41 140
77 143
97 188
48 187
28 131
94 198
82 160
64 185
67 107
62 154
24 118
23 28
75 191
53 67
33 40
33 178
100 122
38 163
27 188
80 133
8 118
12 75
41 93
64 125
80 84
80 133
57 79
1 101
1 14
87 106
17 194
97 105
81 182
39 158
43 97
3 133
20 80
62 79
96 183
4 160
21 191
40 114
68 79
40 45
82 168
95 100
13 81
11 146
78 158
45 107
13 111
86 101
74 83
65 93
14 68
36 96
3 143
93 179
65 186
43 191
28 148
52 186
27 42
19 127
76 183
91 97
1 165
28 99
40 88
45 170
95 107
95 181
89 153
10 75
48 54
1 73
87 183
31 154
68 128
8 53
64 89
50 93
56 200
42 195
39 93
3 17
69 170
30 138
95 161
12 160
73 103
60 185
96 126
8 198
27 107
33 101
2 53
73 156
18 96
14 40
18 162
45 195
68 112
46 60
22 145
9 90
89 118
66 159
68 113
16 53
82 146
28 155
80 153
38 188
62 93
92 107
30 178
53 103
75 159
76 128
18 156
95 131
94 120
9 81
12 88
11 176
19 141
60 142
49 58
48 98
84 124
3 64
10 24
22 197
62 68
4 60
50 58
41 200
80 128
63 196
92 192
13 84
75 89
26 158
72 174
52 65
82 113
30 152
89 150
36 186
82 192
4 143
79 195
8 15
39 124
97 113
97 136
54 139
81 140
24 28
82 173
36 114
21 112
8 109
52 103
26 127
26 140
91 148
60 162
1 87
86 112
14 65
29 147
73 104
22 69
3 74
39 151
3 26
33 33
37 168
18 109
4 9
37 139
92 101
64 79
44 198
20 53
77 126
0 69
2 23
100 152
46 53
90 102
27 196
83 105
67 78
63 192
40 139
43 197
4 9
46 185
18 161
70 82
1 186
74 197
36 75
15 181
89 108
68 102
1 146
95 170
95 141
31 171
74 78
96 151
98 106
80 168
16 92
85 88
54 99
52 161
35 69
9 156
78 89
26 99
17 113
90 131
35 72
50 189
23 41
6 147
11 159
82 86
17 35
83 136
36 196
17 29
16 103
17 100
52 77
97 164
57 179
17 69
5 18
56 100
25 60
41 154
11 184
80 172
44 158
11 85
8 15
15 50
24 60
92 155
3 176
64 120
32 162
64 125
100 140
66 130
41 74
52 99
13 130
12 196
26 152
12 61
22 37
98 103
37 98
97 138
62 71
58 130
96 166
98 172
22 134
35 162
41 122
98 112
95 178
4 176
72 173
2 48
48 194
52 114
2 139
9 109
16 35
8 162
50 166
42 44
97 144
19 151
50 64
69 125
10 64
39 165
96 143
99 132
29 68
71 109
74 140
8 140
86 103
94 129
15 175
77 146
99 171
60 113
28 181
69 92
78 170
23 170
23 155
82 106
58 168
20 187
92 137
9 15
41 70
62 191
18 182
37 200
41 69
28 33
17 150
92 145
90 179
44 64
91 195
2 161
2 180
74 142
48 145
7 24
44 44
71 189
2 9
51 168
98 119
74 89
8 67
15 93
75 156
33 63
1 116
63 195
79 180
45 110
79 151
25 72
12 99
98 159
91 191
41 95
43 165
14 22
19 88
76 79
14 190
55 196
37 40
67 107
33 110
45 134
28 31
75 147
74 168
26 47
74 149
53 160
9 56
58 155
18 26
77 95
89 112
75 193
82 158
7 114
19 30
32 185
59 127
93 156
100 153
88 108
77 136
90 197
90 106
0 2
61 150
17 111
21 111
17 22
12 96
54 71
63 98
37 171
53 113
61 97
1 91
58 188
100 190
49 56
77 172
98 144
33 150
25 149
7 197
30 35
16 121
13 95
19 122
43 93
45 92
55 78
82 163
76 137
55 184
92 186
92 194
58 125
37 102
69 105
38 50
48 148
74 143
35 35
60 83
6 81
98 121
24 130
53 183
94 100
86 136
60 96
67 155
87 102
60 84
30 59
3 155
80 131
72 152
42 173
82 112
39 129
34 62
61 144
36 189
85 191
19 193
18 163
15 126
24 125
2 96
79 149
17 151
41 136
17 166
99 198
15 93
30 70
25 58
99 179
45 49
99 129
14 144
7 110
46 69
2 186
83 123
69 130
69 150
13 139
64 148
98 108
9 11
3 164
71 109
67 94
70 76
60 198
7 152
90 149
57 140
40 141
18 147
73 149
27 191
26 180
39 70
97 130
94 112
62 180
24 53
61 150
75 163
27 66
67 170
87 122
29 189
15 38
62 128
95 114
52 99
15 184
43 97
13 151
5 65
88 120
69 164
10 26
50 132
68 134
11 72
41 158
88 129
44 135
73 174
97 160
15 112
65 83
4 188
5 14
89 149
4 154
49 134
26 165
23 92
21 197
36 103
19 179
75 200
86 106
42 103
79 131
64 194
63 91
16 80
92 142
49 114
16 158
86 162
11 170
78 155
39 196
95 167
31 56
4 186
59 169
74 89
24 46
95 141
66 152
17 135
50 100
32 123
92 155
82 197
76 174
13 146
15 126
80 195
27 40
63 114
75 104
30 165
39 113
94 133
16 55
51 181
84 189
28 61
57 77
6 73
23 189
38 177
78 109
20 189
54 143
12 171
31 105
56 61
60 149
34 60
33 84
69 180
47 102
18 193
78 188
31 175
97 194
92 143
64 187
93 100
99 113
64 120
19 75
59 75
20 34
81 107
54 153
25 182
32 57
10 111
55 56
39 100
1 14
100 162
69 134
66 80
65 118
97 179
14 186
10 148
1 192
38 65
10 68
30 123
16 34
21 154
19 182
87 190
97 134
10 109
75 132
13 96
35 78
78 159
14 106
5 158
96 101
11 44
13 29
46 80
32 184
49 180
56 129
6 13
67 193
26 83
93 183
37 87
5 124
20 43
11 62
23 184
45 152
54 156
35 60
42 193
33 118
93 101
18 154
1 170
77 104
30 158
9 78
4 85
58 141
57 81
77 97
24 115
26 189
15 149
88 109
40 112
5 184
23 153
31 173
43 138
36 132
15 192
90 120
70 151
39 81
29 199
53 102
25 61
39 41
50 127
89 190
25 102
62 124
46 101
60 108
59 157
91 175
97 105
76 81
50 55
65 100
85 120
100 156
4 150
63 182
94 199
24 86
96 174
6 24
40 61
40 77
81 144
62 174
28 97
95 199
35 126
44 169
77 152
66 98
27 61
48 87
30 160
42 188
6 126
97 190
16 67
29 119
61 98
19 123
32 79
44 82
68 145
54 137
11 170
62 127
87 89
58 130
52 56
66 181
82 92
24 185
57 58
44 131
89 99
99 185
97 107
70 72
59 196
39 130
41 78
96 182
16 122
6 139
24 98
17 65
33 134
84 185
23 123
45 103
69 118
54 200
39 195
15 112
20 26
47 145
51 125
46 175
49 51
54 138
3 88
68 182
38 200
30 164
99 165
87 125
5 169
60 83
57 132
47 185
9 141
33 179
82 136
22 64
55 59
60 106
78 189
56 149
7 91
86 88
9 188
83 162
43 184
4 144
36 150
5 57
39 53
86 158
55 189
82 200
100 134
4 35
67 114
18 74
8 197
88 111
96 98
32 167
59 168
48 121
47 185
86 108
76 144
59 92
13 88
37 76
78 164
61 91
55 177
25 147
49 148
84 124
93 97
96 163
54 91
27 189
93 121
59 160
42 152
47 56
96 191
88 136
97 170
33 58
37 106
88 154
83 131
34 76
12 24
25 43
53 173
23 31
71 133
62 96
23 69
87 166
3 50
33 144
98 102
7 56
32 128
100 173
15 199
53 82
7 139
81 85
37 40
44 102
29 138
85 189
1 50
25 103
61 112
48 90
33 179
58 72
91 91
69 95
56 172
58 162
93 162
60 185
33 52
100 154
7 109
9 78
94 111
66 166
17 112
29 110
64 197
35 84
57 115
12 158
50 151
97 166
40 165
31 115
9 53
31 134
56 129
49 143
65 100
50 77
91 179
84 166
13 77
35 156
44 123
18 144
3 46
96 160
39 195
14 24
3 15
28 128
89 92
7 68
44 169
7 86
90 188
17 43
15 122
80 111
25 110
5 21
71 158
66 116
78 80
91 156
7 141
57 96
71 173
2 113
74 121
52 141
11 175
18 138
80 144
23 188
46 72
20 38
86 182
89 190
30 184
93 165
32 36
27 178
10 154
28 83
40 151
21 149
86 109
56 144
18 156
50 109
35 169
33 194
71 143
32 192
35 67
92 135
20 100
7 183
75 174
80 189
42 64
14 144
13 123
16 110
25 93
59 107
47 140
51 135
47 165
23 87
97 134
12 88
85 162
50 65
24 113
81 179
2 182
24 186
26 57
47 118
46 188
44 184
76 81
63 105
4 163
86 150
4 5
79 177
39 64
49 77
59 73
100 183
1 15
16 142
49 142
82 158
100 154
68 150
6 164
65 140
23 111
39 69
8 50
11 11
25 37
6 6
92 190
28 33
58 191
11 152
42 96
38 138
22 120
100 152
88 193
30 148
76 108
20 78
62 80
45 125
38 118
15 102
18 83
20 92
56 81
68 68
85 129
65 92
11 124
51 160
72 140
1 128
49 101
47 179
6 70
45 90
44 53
83 110
81 125
1 7
3 166
100 183
5 96
73 87
97 178
14 21
16 58
2 41
88 179
47 131
5 152
85 169
1 85
5 77
3 161
93 121
42 186
60 126
31 173
73 179
1 47
43 173
39 174
83 158
37 140
20 182
32 40
74 96
52 89
55 112
37 67
32 199
96 169
37 138
37 200
21 141
67 182
35 74
11 138
56 134
34 81
38 173
59 163
21 156
76 98
56 124
90 191
49 83
36 97
73 157
83 88
7 107
46 193
45 192
78 126
33 132
90 91
71 172
66 115
73 90
3 109
64 155
88 140
23 46
15 88
90 94
64 170
52 137
61 164
4 135
66 123
16 126
14 35
5 162
32 107
82 90
53 124
4 44
73 189
54 143
54 172
7 48
45 63
26 27
26 44
86 112
74 117
4 25
1 157
91 155
72 117
77 94
29 157
26 117
95 159
80 153
15 130
50 140
20 151
49 57
72 108
59 175
44 145
52 123
40 49
78 168
21 65
97 173
70 123
95 106
68 151
27 46
61 88
85 142
82 161
8 29
89 161
10 66
32 37
25 65
99 111
42 197
20 106
87 119
73 192
15 119
96 130
68 91
58 138
41 200
77 168
84 93
31 155
61 190
56 170
48 73
19 184
41 193
25 32
13 81
69 198
66 97
11 108
94 154
4 114
38 150
80 86
31 179
26 94
21 55
73 167
97 110
34 87
53 59
16 17
24 33
86 193
29 166
93 143
46 92
26 129
89 200
21 31
21 121
89 189
63 158
61 150
79 152
94 187
56 131
14 158
61 109
57 194
91 145
90 166
92 152
17 162
57 126
76 150
62 191
49 144
64 123
20 99
39 91
44 88
35 39
55 113
94 97
6 55
94 115
18 137
20 56
60 93
99 181
29 166
13 134
31 120
93 191
58 168
96 115
10 58
19 180
20 196
95 191
18 89
58 163
32 159
9 32
64 134
43 109
82 158
14 93
4 22
59 184
80 182
42 146
69 131
91 188
13 122
9 87
44 171
4 63
100 147
59 116
74 74
56 193
16 162
85 106
62 70
46 153
56 141
91 170
18 90
35 141
67 169
82 115
65 162
73 142
15 54
42 193
86 121
43 177
97 108
15 29
88 123
78 106
34 86
58 160
34 132
34 128
27 159
91 170
86 189
91 199
6 43
26 120
91 187
86 88
40 185
17 131
42 185
28 116
98 164
29 41
77 184
85 143
37 75
97 130
1 194
71 164
48 110
4 147
97 162
77 126
3 37
34 84
27 179
41 144
22 47
45 163
99 178
32 171
65 187
89 156
14 147
97 153
77 175
35 169
66 186
46 138
36 152
91 98
82 83
82 173
46 150
6 43
74 165
19 62
71 95
90 156
53 75
49 156
70 169
33 155
26 65
10 56
76 107
71 108
57 166
64 126
95 107
9 143
48 183
91 161
82 170
63 123
33 53
79 143
37 102
71 146
82 193
65 85
50 195
16 124
53 77
28 173
13 72
64 91
47 129
27 45
73 159
97 158
3 137
69 200
66 179
46 190
88 117
2 77
16 101
85 103
87 180
93 164
25 78
100 146
68 166
5 150
48 74
20 148
96 156
41 54
63 74
72 171
89 196
86 127
68 172
11 127
6 152
74 128
19 124
13 36
12 176
28 176
8 172
11 179
18 66
5 154
77 175
60 123
14 189
59 156
74 105
69 110
16 145
26 131
43 87
83 139
13 174
52 168
87 91
39 56
86 97
13 68
90 109
35 180
54 178
93 132
5 93
99 177
83 156
3 124
28 103
19 37
42 139
33 113
63 113
51 144
34 112
55 186
21 160
57 86
18 174
68 153
39 134
84 152
79 151
92 125
100 190
78 165
25 147
85 147
86 186
13 140
93 156
99 200
96 187
86 186
68 134
24 68
13 156
55 60
83 171
58 200
56 121
85 165
42 92
86 175
23 155
24 106
88 198
81 163
49 190
59 192
66 73
90 188
49 184
70 155
9 10
10 100
24 188
50 144
68 135
80 123
89 142
97 147
24 148
13 15
56 123
6 17
28 133
61 71
20 177
20 187
67 198
80 93
10 138
67 106
46 82
28 158
16 171
34 44
49 106
92 122
39 121
73 162
99 116
0 116
71 76
23 42
94 132
0 59
72 159
23 157
88 130
64 83
14 37
62 97
25 89
88 181
52 200
76 146
78 194
89 118
96 165
84 104
32 131
22 160
36 179
99 158
60 107
35 40
40 52
46 142
86 190
92 117
70 195
59 184
37 73
1 162
60 88
27 77
32 152
72 161
35 133
100 105
21 170
40 197
54 182
59 67
85 167
3 31
40 135
19 113
45 66
12 100
20 197
18 68
26 179
88 153
38 188
41 61
17 164
56 188
49 141
42 121
87 177
16 51
62 142
18 190
22 63
56 143
87 153
20 87
72 152
55 119
85 124
44 149
47 86
95 111
42 44
25 172
36 86
95 174
25 188
48 94
15 45
63 132
12 86
57 79
38 144
75 90
18 82
53 170
36 108
15 166
4 151
81 131
85 163
55 130
81 176
41 83
14 133
7 158
23 90
48 182
63 141
12 97
13 71
91 114
63 104
98 169
21 199
66 109
64 119
35 181
33 58
63 134
66 195
34 154
15 167
7 100
45 69
27 174
8 73
5 192
26 38
55 171
100 126
45 156
21 157
1 29
6 111
59 85
46 72
47 142
71 167
42 66
15 49
86 96
65 72
28 76
28 52
87 180
31 168
26 198
70 141
5 127
30 173
35 66
87 131
9 39
15 99
29 147
42 49
29 46
64 100
29 138
44 194
21 116
35 128
44 155
14 39
53 74
64 181
53 122
52 148
60 182
69 175
19 24
78 79
56 120
58 175
92 125
16 99
19 36
19 147
66 88
30 53
48 161
62 69
87 167
69 127
50 186
72 92
39 94
17 78
75 105
89 95
36 53
69 84
39 152
82 137
63 70
75 132
20 145
50 87
80 86
78 117
96 160
88 190
62 109
47 192
68 126
55 65
4 89
59 80
55 164
11 55
30 91
87 160
11 159
33 98
21 155
72 183
23 103
9 24
64 147
65 85
49 88
93 187
94 143
37 119
50 67
9 176
61 191
6 200
99 148
92 187
68 198
2 188
29 190
31 49
65 170
77 181
67 199
35 115
30 105
13 64
17 117
37 195
48 123
88 116
93 148
60 73
92 174
7 169
32 73
15 144
34 185
65 96
68 162
46 148
43 146
81 161
54 194
53 86
26 125
5 140
65 141
90 194
46 85
12 180
20 119
7 50
77 124
13 99
79 101
45 128
88 145
79 103
33 68
6 192
0 170
32 78
89 180
52 76
91 143
70 123
45 185
23 59
99 199
69 181
54 80
48 106
99 136
98 134
73 190
28 61
22 26
69 92
71 86
95 198
80 200
37 97
46 135
99 139
42 116
66 195
2 194
22 149
82 138
8 26
63 185
93 197
63 112
97 98
19 49
24 104
83 133
50 151
22 91
49 108
76 154
45 121
4 99
2 134
98 114
70 123
71 130
9 177
13 103
24 58
18 28
44 46
58 170
41 162
97 157
99 182
10 113
40 81
56 69
74 101
29 140
24 135
52 61
100 127
31 101
73 171
24 100
63 156
19 176
81 133
71 137
77 178
36 70
66 124
45 78
93 95
18 34
56 149
73 109
81 120
62 88
54 111
54 159
32 131
46 68
75 106
73 103
48 54
24 79
32 141
23 52
67 146
64 147
22 150
88 128
64 149
65 100
14 46
13 123
35 71
23 179
48 198
68 165
21 158
41 62
31 168
16 189
92 122
100 153
15 96
35 71
55 172
26 94
14 160
34 139
12 101
98 131
22 144
35 144
46 107
76 167
74 154
3 21
62 139
61 178
61 135
97 199
94 107
70 178
3 44
16 55
1 119
90 91
93 148
4 200
12 166
42 140
74 158
62 100
17 81
80 100
87 172
12 137
27 38
21 30
7 160
87 109
48 108
36 122
79 159
72 197
38 85
87 147
94 108
63 109
71 108
50 181
85 148
75 174
95 171
100 154
49 68
14 84
93 122
73 196
95 145
85 132
46 199
44 158
66 185
66 91
56 122
75 163
79 186
5 182
0 40
0 75
97 139
31 197
23 90
73 119
56 139
84 149
11 31
59 123
17 21
0 126
58 112
32 118
62 155
87 105
4 173
24 159
56 142
69 88
95 137
74 185
18 85
4 159
38 104
90 102
10 196
30 70
73 167
99 117
48 109
80 116
60 169
47 86
69 136
14 36
7 16
85 165
52 86
39 147
48 130
48 166
1 134
84 134
4 199
26 79
52 79
94 198
19 36
54 88
23 68
89 155
80 178
76 198
89 153
14 198
80 161
62 69
80 136
16 192
56 141
9 98
57 188
22 114
40 149
30 181
76 157
1 189
44 112
23 98
22 148
31 147
67 78
10 41
32 118
18 188
9 179
31 113
63 110
72 158
20 140
12 77
79 193
38 149
28 48
17 34
53 146
58 86
4 124
39 79
60 148
18 71
33 79
43 138
41 159
61 195
17 36
18 38
60 102
76 77
21 123
21 147
53 79
12 198
65 163
93 159
66 154
55 147
99 160
20 199
80 153
78 157
99 101
75 136
56 130
7 21
33 144
71 134
82 126
89 187
63 95
14 154
65 109
99 184
38 116
3 22
15 165
85 93
35 184
65 93
100 189
67 93
44 44
78 93
75 184
6 127
38 90
64 155
87 139
53 103
31 82
61 126
75 175
59 160
67 73
6 112
30 167
69 140
79 197
72 119
49 158
95 126
63 194
6 184
43 45
81 106
68 75
0 196
93 164
45 170
90 101
92 166
61 195
98 193
68 138
50 197
87 165
85 198
16 131
19 119
75 104
72 158
91 140
22 77
61 77
71 171
56 186
23 146
77 108
53 143
57 193
44 136
91 132
40 194
14 57
32 176
7 139
100 166
90 123
65 184
23 196
40 174
27 99
97 113
41 67
6 81
84 128
42 146
19 135
86 107
37 93
81 154
91 133
28 42
2 194
51 67
88 173
89 101
91 127
1 42
100 117
99 148
94 108
0 158
65 139
78 199
98 144
59 154
0 15
60 63
82 83
61 121
36 135
47 123
76 84
34 105
30 100
50 199
12 139
82 95
54 62
0 145
36 98
76 155
86 159
38 48
33 76
85 167
50 55
60 109
13 128
60 127
85 92
40 198
12 51
14 125
40 119
19 65
33 51
35 76
83 158
37 184
50 58
87 177
35 188
61 160
1 185
96 132
39 167
77 152
24 53
53 92
24 62
93 159
47 184
34 78
53 74
71 83
74 119
34 153
23 139
28 121
13 127
24 146
45 86
43 78
70 190
13 64
51 120
74 95
22 74
11 159
10 183
60 110
36 110
23 49
68 195
4 74
11 177
55 90
15 33
5 22
65 104
30 184
39 154
0 129
75 83
26 105
80 139
90 180
19 187
49 95
43 79
61 170
86 110
60 128
24 157
70 72
41 87
84 108
27 40
69 98
15 105
12 59
23 164
58 126
6 157
95 153
8 39
70 95
57 70
3 154
91 179
6 152
96 141
34 174
38 102
97 106
19 133
3 7
3 61
38 51
77 101
5 187
35 150
68 115
12 147
89 98
21 157
2 52
11 82
64 80
55 111
78 111
2 161
26 60
67 127
9 124
75 153
64 128
97 155
95 109
73 125
100 153
14 76
15 187
62 138
36 75
64 153
49 183
55 81
81 90
0 12
15 179
7 161
97 178
71 157
15 143
36 144
56 151
58 186
31 169
6 9
78 181
68 105
64 70
21 200
75 83
52 80
42 144
42 110
56 111
43 110
75 82
7 177
24 89
13 116
8 42
95 108
47 48
58 90
57 84
21 153
51 93
57 176
82 90
3 120
17 154
14 199
65 143
15 109
2 142
31 110
23 156
97 171
91 156
67 145
49 121
51 84
7 71
52 107
19 31
53 170
14 32
36 164
61 189
67 148
25 192
17 50
24 34
21 157
6 106
58 139
51 154
74 117
23 50
39 140
57 58
94 127
54 88
76 200
37 161
40 141
67 163
68 70
62 141
6 141
57 61
91 179
55 146
4 9
37 167
1 166
34 176
87 141
78 120
69 198
87 114
75 189
67 68
100 158
53 150
63 133
91 195
21 31
84 118
51 79
97 161
7 198
18 58
32 62
48 54
4 170
14 94
99 192
35 77
94 138
21 130
84 194
42 85
68 124
53 172
21 47
75 166
51 158
90 111
26 113
36 185
29 84
62 161
31 110
33 160
74 149
62 121
93 159
19 33
48 195
88 175
13 85
58 147
98 174
7 99
19 19
11 145
32 32
52 147
15 42
24 178
4 64
96 185
60 91
15 53
14 26
90 182
34 128
38 136
71 106
36 200
99 123
100 126
95 190
19 118
43 52
1 135
71 148
83 184
82 200
24 112
47 114
56 186
100 136
61 97
1 92
32 176
59 156
18 52
32 97
56 160
38 70
97 116
18 84
96 105
30 88
99 123
63 114
13 123
2 198
46 167
90 141
43 118
18 33
16 124
44 121
33 68
12 128
34 194
