3998 100
32 75
58 197
29 101
61 172
56 128
49 77
81 153
37 173
63 78
79 91
89 193
52 161
1 158
86 87
54 173
29 113
41 60
75 100
11 194
0 14
63 109
46 173
17 99
35 158
25 170
81 114
34 109
7 32
46 194
77 107
75 106
84 116
92 123
43 129
93 132
65 66
68 164
58 131
30 147
64 190
43 167
67 73
14 69
75 120
88 105
93 155
81 197
95 134
35 75
82 95
13 107
75 106
12 40
25 74
61 176
50 138
28 162
75 80
22 187
92 161
32 187
87 98
40 118
86 123
91 161
16 38
60 65
25 191
68 92
88 197
72 178
18 37
91 126
88 160
79 87
70 156
41 58
42 130
52 198
15 145
19 153
90 125
8 96
53 158
91 131
56 117
19 140
68 115
80 172
56 109
74 134
21 171
21 54
87 128
6 159
27 109
31 94
5 12
89 180
5 143
53 173
27 182
59 95
2 39
49 120
97 122
92 191
41 183
66 122
72 152
84 134
54 89
21 179
39 180
98 113
63 156
12 53
44 197
29 98
8 74
14 102
48 87
96 143
57 62
37 50
87 160
66 196
30 32
8 199
80 191
53 170
80 198
4 49
73 165
28 199
28 70
87 106
57 165
71 190
29 183
3 62
73 119
73 127
35 41
66 155
74 159
92 112
61 134
58 130
61 124
21 89
7 58
19 161
51 155
27 170
16 194
3 176
96 149
14 19
11 18
69 155
47 71
9 9
60 131
59 61
8 85
29 110
37 85
60 183
30 79
13 55
33 171
74 181
46 170
99 181
55 192
15 161
7 15
0 35
5 130
40 153
45 114
14 30
40 86
54 125
90 171
49 134
42 163
66 137
10 189
23 198
86 92
94 171
46 113
46 87
56 191
89 194
57 187
55 89
33 77
71 176
77 175
28 116
3 94
23 78
95 147
97 184
25 138
11 22
92 185
55 78
53 174
96 159
21 48
1 131
40 45
13 156
44 87
14 64
0 40
7 103
85 122
78 196
2 127
34 170
26 179
91 169
91 131
69 194
39 104
25 34
94 99
58 186
54 55
22 31
41 97
97 108
17 22
94 194
38 169
25 97
82 84
2 4
69 92
80 155
90 196
65 95
95 124
77 164
47 154
42 195
91 124
5 28
42 186
69 91
60 92
73 91
70 116
59 182
75 191
2 34
70 112
62 183
8 135
88 88
91 153
36 174
9 63
83 103
35 38
92 181
28 89
10 141
19 22
86 132
93 145
4 97
15 136
30 198
77 107
54 109
62 118
21 98
22 118
1 137
1 60
54 113
92 195
24 86
6 182
72 85
85 94
35 104
53 189
73 116
3 104
53 92
12 70
31 141
91 154
38 118
18 191
12 33
82 139
54 68
8 39
41 190
75 123
52 164
93 164
21 104
54 143
10 128
16 22
3 167
37 128
29 178
99 125
74 176
0 95
34 174
58 183
74 157
9 30
99 148
38 114
77 90
5 170
35 60
46 59
16 125
49 119
78 100
15 145
26 64
78 91
72 173
38 155
42 107
43 199
58 74
14 161
92 100
63 188
80 81
68 92
55 101
86 99
7 158
98 141
70 109
19 39
15 159
47 195
66 175
40 93
20 121
41 156
4 164
90 177
61 61
87 191
75 180
60 175
72 115
76 196
97 122
34 190
96 106
57 60
19 137
65 159
91 128
10 63
61 157
2 68
18 108
65 155
14 63
37 69
32 87
29 44
27 124
79 199
88 124
95 149
92 172
41 175
63 183
28 172
47 128
65 143
74 162
14 51
83 85
9 200
55 173
3 173
97 187
37 162
55 131
47 194
95 151
46 200
26 85
5 65
8 198
7 126
4 111
7 82
53 154
48 107
100 190
32 83
24 137
55 171
95 159
27 142
74 171
69 173
83 95
33 106
26 110
76 192
8 107
9 63
97 146
79 90
27 192
18 39
88 138
19 158
54 191
37 51
60 91
58 154
48 172
63 76
35 54
44 50
94 174
24 148
59 106
31 183
23 85
58 58
56 109
76 175
27 164
65 73
8 96
79 96
89 95
2 31
75 116
15 146
91 188
57 85
71 83
96 157
33 59
2 163
36 50
48 129
2 14
24 55
50 96
40 167
90 137
12 32
71 96
91 162
31 168
67 189
57 190
16 127
51 91
13 65
35 49
6 161
82 169
41 200
18 167
33 82
21 67
92 180
58 63
61 130
82 173
98 177
40 64
25 42
36 61
12 99
55 144
34 83
58 100
8 181
4 85
48 194
98 142
96 97
53 72
50 152
76 109
28 151
58 69
73 100
51 198
1 49
53 175
85 115
73 82
86 121
3 170
68 71
11 46
21 173
69 173
89 138
49 50
82 186
48 111
18 80
30 121
19 41
9 42
44 106
58 107
61 78
63 195
71 190
73 100
76 172
36 98
58 196
71 134
47 192
70 152
63 93
62 97
49 182
20 155
75 130
39 52
38 156
4 93
10 168
63 170
27 113
79 161
44 143
28 32
28 149
41 65
92 136
85 167
44 187
10 41
37 122
22 191
69 152
4 15
31 89
36 115
60 121
24 179
16 87
85 181
34 123
94 99
13 75
26 80
51 129
52 136
50 105
42 65
43 110
24 60
42 145
49 64
99 99
75 179
75 132
82 169
11 181
17 54
21 87
0 139
75 197
13 185
97 162
37 101
95 114
36 81
80 103
82 86
8 32
60 161
78 141
20 177
76 145
36 119
39 114
1 183
15 145
6 117
52 197
20 123
17 53
64 72
98 119
42 175
95 152
90 134
51 109
67 141
72 124
34 141
85 120
59 168
96 125
18 19
84 172
53 96
90 117
68 148
8 62
74 96
83 180
82 92
32 89
9 52
38 62
36 133
27 182
96 155
49 165
58 197
92 197
64 171
61 167
29 199
89 172
6 138
25 190
0 169
35 126
17 125
91 102
33 181
68 169
57 74
84 144
73 195
59 88
64 78
22 76
64 99
16 105
4 19
80 194
87 191
36 90
79 120
71 137
4 49
28 96
1 107
57 105
28 82
59 194
95 193
18 111
88 188
78 155
14 118
34 54
96 171
62 193
94 118
55 131
38 80
95 182
79 107
49 177
47 125
4 65
64 81
7 159
15 138
39 106
47 160
61 170
26 170
86 169
62 147
95 108
69 192
92 128
77 162
62 68
36 41
48 64
20 138
90 185
93 154
9 48
29 57
96 135
92 142
46 130
20 169
43 137
48 175
19 86
49 122
76 83
6 14
3 192
61 187
80 167
37 82
27 115
80 197
76 105
59 160
85 173
48 87
97 175
8 89
46 79
87 103
93 167
1 58
28 83
10 28
96 180
15 115
43 137
16 137
6 49
95 148
88 176
47 159
96 122
51 79
80 109
84 86
20 163
19 193
95 181
68 184
76 179
88 189
20 110
77 194
97 188
75 198
53 87
53 146
14 108
61 145
3 122
23 89
21 64
55 64
66 98
17 53
28 136
5 54
26 53
28 143
9 27
42 171
43 132
11 117
62 69
39 128
30 54
71 112
27 28
53 165
74 190
45 80
43 97
31 103
6 165
71 73
67 132
0 10
26 158
49 187
49 143
65 189
86 130
15 142
74 195
22 165
84 174
92 170
37 128
14 18
79 88
51 104
11 180
65 150
89 127
77 115
19 30
6 110
10 173
25 168
84 183
38 133
67 153
17 197
34 166
30 174
86 164
54 106
85 180
31 143
52 181
93 120
95 184
65 167
33 103
34 158
88 102
84 162
98 117
0 169
50 148
22 161
23 185
69 94
72 181
62 134
58 162
72 157
18 105
52 160
81 146
56 141
71 112
62 157
17 56
46 110
99 124
14 172
55 195
13 133
9 83
48 133
48 184
95 166
82 198
54 199
100 157
54 89
75 79
13 121
32 47
45 183
59 74
52 126
29 93
73 179
61 97
75 191
30 194
53 184
53 199
23 166
68 161
12 147
87 170
61 146
100 172
41 115
16 22
0 170
92 140
52 106
73 191
89 108
8 59
30 131
7 129
91 132
60 108
82 143
52 152
19 32
14 49
34 175
84 92
80 192
0 47
35 155
35 75
98 157
48 115
97 145
83 174
77 78
46 168
44 75
56 183
48 90
37 100
1 128
72 167
100 167
43 135
15 84
69 72
26 196
0 18
56 107
32 126
48 167
85 192
45 62
7 195
72 109
21 117
89 129
98 139
7 74
3 152
45 103
49 78
17 136
64 180
32 164
63 73
42 185
1 29
61 106
43 91
68 113
88 88
51 143
42 150
11 160
48 52
71 133
52 109
67 90
59 139
72 186
25 150
11 53
56 165
43 143
35 163
18 93
93 100
55 151
30 148
92 136
23 104
48 173
22 30
47 122
7 97
3 121
62 119
99 152
73 172
22 173
77 159
7 165
72 149
93 155
96 115
68 122
48 129
90 176
59 90
60 131
30 88
45 171
37 149
14 116
72 161
31 134
5 179
95 156
32 184
62 79
37 200
76 116
10 109
63 187
82 106
31 198
7 50
96 117
35 135
14 14
71 198
36 73
21 183
95 102
4 132
18 28
40 187
62 144
25 179
86 178
63 125
64 70
52 163
83 89
37 39
91 198
42 97
47 152
38 115
56 183
57 168
95 145
19 102
42 64
29 168
44 165
4 48
81 111
97 157
77 106
74 118
25 57
86 115
96 116
13 193
41 196
53 107
48 99
6 38
19 157
2 36
75 145
59 136
94 174
25 104
88 171
65 84
55 161
98 173
44 48
6 130
95 171
0 88
85 167
16 83
88 161
23 86
68 97
27 51
26 164
43 186
84 184
21 182
83 196
75 114
97 176
14 14
44 45
7 89
18 108
31 166
0 154
37 146
72 110
58 120
26 121
89 107
49 155
86 151
32 153
38 127
48 73
18 191
9 163
71 89
99 178
4 179
95 108
40 178
63 195
40 141
9 152
92 111
99 173
84 180
46 133
5 121
52 89
4 48
29 171
80 137
16 54
64 118
2 72
56 189
34 106
37 120
25 75
6 118
20 70
36 143
87 173
70 74
67 78
65 189
97 105
63 198
54 191
40 184
72 92
70 162
88 166
68 71
6 83
74 122
96 193
86 197
44 68
41 102
55 100
51 55
90 155
1 9
7 61
24 78
57 93
15 32
30 62
81 173
22 131
6 94
71 135
38 154
88 120
67 68
100 183
79 153
1 78
4 5
73 171
95 174
53 55
56 83
49 175
93 167
48 65
51 130
66 191
18 173
37 135
14 101
14 28
50 149
17 173
50 136
93 168
46 148
26 197
90 171
59 63
20 177
33 41
47 101
37 152
46 70
66 195
70 195
57 154
17 129
5 93
77 99
30 171
7 70
73 169
6 115
32 90
11 30
53 100
91 103
11 184
59 179
85 108
53 181
43 194
64 97
24 94
62 192
35 105
37 66
93 159
34 162
72 191
17 156
92 182
4 80
93 141
78 104
98 162
71 101
89 152
62 158
14 164
63 188
27 35
32 58
0 155
20 54
48 188
98 193
31 185
64 155
4 105
53 182
61 175
98 186
33 109
41 47
89 182
9 104
34 75
74 196
0 186
94 177
48 97
4 173
42 200
98 145
37 104
86 194
36 41
51 135
51 75
39 71
76 150
20 169
54 172
85 121
88 172
7 70
94 138
86 136
46 163
75 165
33 145
91 122
17 191
56 84
33 151
57 113
29 85
22 150
77 171
15 108
37 98
12 119
64 141
70 71
3 6
50 186
54 169
24 107
90 194
94 158
23 30
56 78
59 73
69 136
6 97
65 73
14 147
29 104
41 105
88 151
89 115
86 200
0 60
88 101
91 148
81 99
38 115
54 77
60 82
65 124
20 70
55 183
91 197
6 31
61 69
97 164
59 170
74 170
21 108
8 72
2 27
58 105
73 160
10 125
42 93
73 189
86 169
99 121
85 176
86 121
91 147
27 64
86 187
61 139
35 182
35 178
97 116
40 68
25 59
71 184
53 123
59 140
28 34
5 11
62 105
52 176
0 107
68 124
31 137
90 107
65 147
62 190
99 176
29 63
78 168
33 49
42 197
51 86
45 162
8 188
22 47
39 54
3 12
31 159
74 151
0 94
54 178
27 44
34 186
1 158
64 99
16 130
88 192
31 197
7 96
85 189
11 127
35 54
79 125
61 89
96 162
97 154
32 195
9 100
14 82
78 183
77 168
11 175
97 113
91 175
87 90
91 193
30 50
74 157
86 120
48 114
70 101
49 197
91 137
63 91
50 196
66 81
66 123
48 90
10 138
41 123
89 177
12 158
27 52
15 119
71 177
41 115
11 95
76 194
92 147
92 112
70 151
44 169
91 178
14 198
24 57
60 160
26 168
58 127
1 154
11 15
72 92
25 99
21 77
34 104
53 63
27 193
5 135
95 139
94 151
26 125
37 178
69 114
16 163
13 188
24 181
10 141
79 196
9 67
34 58
74 116
51 151
96 98
90 151
3 46
53 107
50 152
78 174
78 145
9 107
23 181
60 94
1 66
59 59
0 108
70 144
81 144
78 185
55 58
5 80
54 144
26 26
85 131
96 133
54 76
45 54
75 151
39 52
86 124
57 104
29 183
53 157
48 136
83 147
61 160
89 145
66 174
82 88
71 103
15 51
34 173
0 191
23 23
65 161
56 148
57 198
10 162
82 121
81 182
64 66
12 58
41 48
30 130
54 133
8 106
25 136
18 171
72 78
49 87
7 150
28 98
31 176
5 195
35 144
32 180
35 152
59 161
39 131
93 196
78 177
43 108
93 158
60 68
13 163
2 34
45 160
28 157
16 186
23 39
49 194
71 158
63 120
39 43
51 90
75 107
43 115
28 181
8 149
11 16
71 170
74 175
25 86
94 112
17 19
90 137
69 75
99 101
40 46
30 169
68 88
51 78
0 51
61 92
1 97
52 96
13 72
31 136
21 69
12 180
4 34
1 6
82 95
64 90
41 170
42 139
34 173
76 92
48 168
19 86
22 109
24 111
4 87
79 174
19 149
10 133
94 195
62 191
18 21
73 119
95 159
27 129
0 61
13 154
0 179
49 165
82 151
19 191
88 118
56 98
69 101
15 154
96 136
15 101
100 141
5 67
76 170
73 167
20 91
39 96
21 35
37 60
5 51
93 162
76 178
34 63
10 117
87 178
86 159
93 159
99 108
50 57
78 158
86 168
56 69
42 73
61 124
57 143
9 115
56 142
27 44
33 149
52 182
24 24
0 45
21 124
58 61
74 80
61 195
52 161
2 188
40 125
50 117
43 47
2 177
53 119
98 169
86 110
3 182
13 70
1 117
41 45
22 96
48 63
88 174
13 113
98 124
44 148
71 100
72 138
40 50
9 182
17 64
70 117
7 100
66 128
24 160
21 106
90 128
52 182
13 50
97 151
69 186
18 180
71 200
100 139
23 162
42 105
17 41
26 132
85 156
2 133
98 136
73 117
38 71
54 73
21 159
52 75
60 198
21 151
57 92
92 149
91 171
85 137
0 76
32 101
33 174
57 79
9 136
75 180
41 200
45 177
21 172
93 170
88 168
58 147
72 145
78 86
8 72
6 172
87 96
67 78
9 157
75 134
96 160
79 109
43 128
40 46
36 58
89 136
7 200
69 169
54 190
64 93
0 113
83 137
78 143
65 90
74 131
16 152
89 129
62 152
4 150
18 98
48 142
33 49
52 129
15 171
75 161
89 143
45 70
30 39
44 93
71 108
85 146
65 168
64 117
99 126
20 68
29 103
83 184
4 97
1 14
26 166
10 99
31 54
66 119
38 144
36 83
7 36
93 189
20 160
86 191
90 196
36 152
93 122
16 181
69 152
65 189
63 63
35 199
96 154
85 93
89 106
64 159
39 192
69 106
75 122
50 78
75 167
27 107
36 151
76 99
88 105
25 61
37 101
15 123
39 127
6 171
46 170
58 80
86 125
52 68
58 136
94 166
93 113
14 138
22 157
92 98
70 72
45 141
97 174
47 107
67 110
80 111
58 189
59 148
33 137
36 60
9 70
95 161
27 176
40 155
13 188
13 103
29 58
100 141
54 66
21 182
45 124
57 110
77 190
54 164
87 159
84 133
46 120
90 126
66 135
16 139
4 187
99 159
65 68
17 144
56 97
52 57
10 169
27 169
56 200
32 167
40 49
64 129
46 148
38 46
51 181
65 135
92 139
41 155
16 73
74 147
91 189
66 103
76 110
75 163
1 127
70 122
76 111
69 102
42 193
39 159
48 166
78 183
18 139
86 170
89 141
28 32
19 76
23 64
71 169
24 48
9 193
35 138
66 84
41 169
23 191
52 170
16 73
33 43
7 188
17 50
58 108
54 155
71 124
17 172
33 127
31 40
86 139
83 165
34 88
33 117
95 132
3 148
39 184
15 112
74 189
51 130
36 70
74 135
27 103
55 150
37 168
25 37
11 65
86 134
30 95
49 137
16 62
1 124
75 152
24 52
77 108
82 184
58 74
46 100
59 178
32 188
97 161
5 163
45 200
88 108
20 80
85 156
15 128
42 146
95 170
63 196
64 145
19 77
84 144
48 144
9 170
52 113
38 105
34 37
39 59
67 88
35 118
10 66
36 157
70 112
87 165
40 137
89 176
17 137
75 90
90 169
76 133
60 71
5 130
6 179
73 134
2 194
54 157
62 134
63 143
65 127
53 94
39 77
68 164
57 191
62 136
92 187
52 71
28 183
51 96
41 131
62 116
30 65
43 123
42 79
74 153
25 168
79 140
17 150
45 166
27 173
56 94
19 112
78 116
16 168
63 149
20 80
31 119
47 143
31 175
57 101
67 146
51 66
43 161
74 88
89 98
64 173
45 177
71 184
30 167
84 177
10 28
42 76
12 67
47 146
55 187
32 90
73 143
23 120
45 162
75 126
54 83
56 156
30 47
81 152
56 83
89 118
82 118
3 70
14 109
7 62
53 98
32 112
54 99
53 143
36 50
72 181
89 186
17 143
84 194
16 91
99 138
72 107
2 102
17 48
56 91
83 104
21 81
54 114
16 114
40 86
69 150
15 194
30 195
35 105
71 162
73 165
79 130
18 118
97 145
10 94
64 161
18 47
43 134
83 98
87 112
19 125
87 193
83 115
38 61
51 107
88 185
88 199
18 197
11 35
10 165
15 165
64 105
4 22
67 138
25 182
30 165
33 180
58 93
92 137
20 169
83 190
4 58
33 197
17 143
69 171
15 44
52 76
55 178
25 161
20 122
79 97
89 89
64 192
45 174
9 190
18 98
41 126
20 98
57 134
56 181
76 125
2 71
17 196
5 84
18 97
44 103
37 151
80 181
6 130
20 121
24 59
64 173
84 149
26 191
57 90
91 171
60 192
72 174
65 144
63 151
95 174
51 137
18 31
25 193
4 13
49 198
13 159
88 176
3 158
67 72
78 104
51 102
33 189
57 130
14 196
31 100
91 172
15 75
98 113
100 164
60 154
27 101
35 134
76 132
30 168
41 72
65 73
80 118
34 74
66 163
38 42
100 114
52 99
15 93
49 191
26 75
20 56
60 132
77 98
14 80
11 192
48 112
50 163
49 82
48 185
49 190
57 141
76 194
94 176
88 178
70 96
65 170
11 43
62 141
54 112
6 142
85 117
18 141
17 67
16 114
30 41
77 103
62 66
5 186
91 198
33 143
78 161
94 149
63 100
92 195
41 122
57 190
95 156
4 180
88 118
14 196
54 139
12 50
8 159
41 144
5 82
1 137
86 147
47 51
73 122
16 39
64 154
38 70
62 163
36 46
48 70
44 188
76 129
19 104
19 40
45 115
51 140
73 132
31 161
41 64
15 59
46 181
76 169
19 102
15 114
14 36
99 146
14 135
75 173
38 50
80 184
71 127
4 189
64 146
72 200
91 171
80 157
81 180
56 111
99 195
66 68
25 135
74 89
4 63
4 42
14 198
8 62
53 167
30 119
37 128
42 92
36 80
78 179
14 50
26 187
0 102
91 180
79 162
67 155
50 127
72 120
9 165
11 175
99 182
91 132
47 146
86 104
78 129
18 46
46 107
86 101
4 200
65 165
20 81
50 57
14 138
22 75
87 111
85 95
35 171
50 112
2 80
68 188
19 39
94 183
73 198
63 139
86 152
22 85
58 58
13 81
53 95
68 121
66 126
84 187
6 78
59 92
50 72
67 80
66 90
29 40
95 199
92 108
5 105
17 48
36 37
82 186
64 155
36 191
42 86
45 200
65 90
52 197
29 111
53 165
36 174
50 131
10 170
43 43
86 183
59 192
66 107
78 83
33 100
13 200
71 118
34 39
23 179
18 174
26 135
48 99
62 109
54 145
5 118
16 22
31 162
50 172
60 198
83 93
25 130
99 149
5 7
81 188
86 94
76 180
0 86
64 191
59 177
43 121
5 133
81 182
33 50
34 60
7 25
28 70
12 139
65 107
83 144
86 149
86 188
49 120
37 98
67 178
82 187
12 68
38 146
63 105
21 144
74 160
33 34
8 21
73 74
99 116
72 183
15 150
82 177
19 121
35 143
4 34
81 181
10 101
13 28
8 151
70 188
88 144
5 6
75 194
30 123
18 161
49 177
38 200
17 152
2 85
98 167
1 175
41 181
19 101
68 134
1 134
80 138
76 101
90 107
47 133
22 102
76 104
10 80
48 58
28 110
79 90
80 81
69 183
40 153
87 120
48 83
44 170
88 89
71 123
32 106
57 57
81 189
68 162
94 157
47 177
17 30
88 121
35 173
64 173
79 176
36 60
1 97
97 188
73 101
27 76
81 97
59 120
57 175
51 51
3 13
7 75
12 126
11 64
79 177
77 151
100 195
37 64
50 163
68 133
54 151
41 187
12 70
29 89
39 75
59 183
47 182
57 145
2 11
79 108
53 82
0 199
8 115
32 129
11 198
73 116
32 156
82 167
57 194
98 142
80 169
47 82
72 129
96 150
97 133
31 64
94 165
84 136
70 96
71 181
2 89
32 191
89 125
95 155
16 194
14 157
81 94
73 141
53 188
26 50
23 173
63 147
25 33
1 148
45 193
54 144
11 200
56 151
8 36
47 96
33 130
81 154
51 100
77 183
5 51
94 153
30 130
8 173
45 94
30 118
32 101
62 168
83 92
69 180
65 139
70 136
23 41
100 183
71 95
6 12
14 134
86 107
83 157
70 134
93 145
62 152
49 125
20 131
7 41
19 30
44 51
91 125
61 102
81 111
80 179
95 133
37 134
14 107
99 183
75 125
54 144
35 78
72 88
12 25
44 45
31 191
78 138
74 90
77 130
29 59
94 180
14 101
33 146
54 162
30 163
43 58
48 134
68 158
91 105
66 193
90 102
41 137
34 194
67 93
49 130
94 100
14 15
99 149
37 187
35 80
28 94
37 149
9 25
34 40
74 200
91 134
55 58
33 175
98 109
94 148
84 120
3 175
92 92
1 13
66 130
89 178
62 144
41 68
48 127
28 170
60 110
12 89
14 194
42 125
54 117
6 61
49 50
85 85
93 112
10 83
49 95
22 88
99 111
8 88
39 113
89 173
75 165
8 100
52 149
29 94
76 95
61 171
15 82
94 105
89 169
8 22
38 84
15 54
85 85
74 183
21 76
68 130
49 164
93 93
25 197
14 138
28 161
46 153
1 24
100 198
96 145
22 48
8 50
35 164
47 76
19 25
68 103
51 62
53 183
1 109
0 132
95 193
26 53
61 76
40 106
94 191
2 25
82 118
47 186
95 159
11 82
9 188
95 96
79 110
12 47
94 142
6 130
62 140
13 135
3 189
83 92
93 158
40 61
46 135
20 98
78 187
59 154
5 172
81 192
14 96
15 122
35 182
90 194
84 189
38 54
0 128
62 178
51 185
35 145
97 137
68 168
11 139
68 153
70 144
93 177
0 109
74 133
53 108
38 104
44 44
71 155
71 151
18 198
11 153
91 146
0 139
95 133
82 164
32 81
89 132
20 140
1 96
52 58
28 200
96 121
62 173
45 150
21 171
100 110
18 189
58 89
72 101
42 99
6 42
59 197
91 172
9 117
49 165
72 185
89 127
56 121
1 74
62 85
32 152
54 93
22 73
37 172
37 150
54 138
14 121
18 79
84 124
67 111
90 167
39 94
11 170
22 149
60 71
8 87
65 130
9 92
16 184
12 163
68 116
39 141
56 98
81 96
17 82
83 124
7 105
6 42
13 66
57 133
12 129
43 197
59 133
16 103
44 103
2 40
72 122
24 162
53 99
48 129
61 150
68 115
58 111
3 154
35 168
73 114
68 187
78 151
86 142
38 141
40 59
58 147
44 66
41 198
42 75
69 106
49 179
10 136
1 16
0 41
68 146
68 93
56 120
99 125
91 175
54 106
20 45
72 135
79 189
26 86
30 57
27 75
92 177
8 9
30 128
47 74
36 178
49 52
39 74
37 93
76 103
20 169
55 97
10 79
29 155
16 20
10 192
90 136
56 157
90 103
34 190
62 108
17 176
86 170
59 84
84 169
57 88
18 86
82 150
10 57
44 130
79 192
25 119
32 43
25 152
23 98
42 49
68 81
75 99
50 54
18 70
51 123
1 83
41 108
39 189
24 137
78 139
67 138
76 152
77 134
88 118
70 197
51 91
71 174
47 182
46 97
3 127
41 152
43 178
66 175
81 158
87 185
78 133
1 27
37 92
81 124
85 159
3 156
64 139
56 70
59 97
67 170
70 107
53 141
35 147
13 111
16 127
95 150
100 106
5 183
33 192
34 103
50 173
99 156
33 169
79 120
15 40
65 122
36 139
4 28
78 127
99 177
31 42
13 93
74 143
99 127
2 163
63 166
91 122
38 69
17 197
59 130
15 143
85 151
14 176
84 171
60 85
17 77
27 87
92 121
53 124
30 133
74 150
90 190
38 134
68 80
29 93
58 145
10 15
67 172
36 185
18 20
14 111
35 164
30 190
58 65
31 70
28 139
94 163
51 160
14 54
97 190
44 62
6 100
91 106
62 198
29 60
43 59
45 169
13 111
66 162
77 149
69 104
53 200
31 183
73 166
68 106
65 153
36 187
87 174
22 28
82 113
29 47
61 179
100 125
25 138
12 193
89 100
81 178
82 87
82 128
18 127
6 70
90 99
33 118
47 174
50 63
34 61
73 83
50 189
41 122
71 112
13 106
50 90
21 175
31 191
43 133
55 197
7 157
59 102
54 108
38 181
38 195
39 137
59 134
83 153
76 107
16 26
20 127
75 78
46 119
61 75
23 114
34 174
96 132
78 182
0 101
91 198
17 61
39 105
13 33
33 123
36 176
3 89
86 106
76 190
52 52
71 175
19 20
46 46
91 124
55 160
44 44
72 171
11 197
66 187
43 131
0 33
65 77
59 157
23 83
69 109
48 174
67 100
18 28
79 85
14 92
70 110
18 66
14 96
15 92
64 103
74 75
44 68
90 183
86 147
41 170
19 107
42 196
75 182
83 128
50 104
15 129
23 105
1 131
13 142
9 157
16 23
64 133
94 137
3 189
99 186
22 134
76 189
94 180
24 93
90 134
22 22
70 131
61 85
84 95
80 144
19 128
47 122
57 190
24 108
24 95
13 153
61 177
90 111
92 193
87 166
15 189
98 148
23 74
36 50
78 87
97 134
54 86
89 103
5 15
67 120
16 43
75 101
30 120
87 129
87 191
99 111
76 196
73 155
74 129
36 118
6 178
78 125
47 128
0 48
51 131
82 107
65 123
90 170
29 29
28 85
53 91
99 193
62 161
48 142
41 114
64 163
41 109
32 63
58 60
79 94
90 106
52 110
32 42
69 196
29 127
16 172
89 196
51 117
60 125
62 167
42 194
21 32
24 94
57 60
68 177
84 158
75 200
68 87
69 125
90 181
23 51
58 120
48 72
34 43
87 157
54 90
54 188
9 124
32 182
29 187
76 89
54 90
57 191
3 157
66 200
71 182
96 120
66 112
0 176
19 87
36 98
43 76
76 163
68 163
35 159
84 194
63 101
28 59
16 63
24 111
68 129
36 70
85 184
54 59
40 86
86 172
1 196
95 152
35 53
36 44
14 70
80 199
20 113
86 155
67 170
60 142
96 186
7 120
62 93
9 12
65 167
22 46
5 132
86 198
48 127
11 132
55 108
0 193
25 54
80 175
22 136
68 109
29 77
4 21
10 91
78 100
79 83
21 190
30 163
87 179
32 134
71 133
15 53
9 198
43 102
98 117
69 145
80 161
93 160
5 78
23 122
35 102
63 81
35 104
54 134
81 104
10 175
4 136
26 159
68 134
64 146
12 19
68 118
91 160
38 185
11 136
66 92
63 111
86 169
77 101
90 188
94 133
55 116
50 144
8 160
85 194
85 166
59 141
24 172
46 188
11 54
32 183
17 186
7 81
57 200
8 122
62 113
89 178
65 139
44 115
30 45
36 36
81 155
65 79
14 56
47 169
56 149
39 144
69 192
75 199
71 85
23 168
7 172
5 132
28 38
16 17
84 167
43 154
3 83
41 111
82 180
80 178
45 102
39 97
89 188
34 88
49 108
37 87
84 99
43 115
98 181
18 52
76 188
84 159
2 56
4 91
69 119
22 88
19 80
66 161
9 12
74 131
87 91
99 121
61 132
30 169
65 171
14 53
68 188
45 134
91 142
39 109
1 70
89 126
19 153
96 180
95 108
94 144
84 172
89 183
80 101
65 132
53 197
14 179
38 88
100 130
76 86
50 162
8 64
76 173
31 147
68 168
28 95
84 200
56 171
79 81
46 115
60 195
61 130
10 15
46 139
2 140
79 107
41 43
31 93
80 169
98 182
94 153
42 88
64 191
4 70
54 81
45 158
46 188
68 144
18 92
6 37
35 160
79 84
44 121
20 80
7 146
27 34
65 82
43 196
88 100
44 63
15 187
69 175
53 153
35 133
85 165
10 10
3 76
30 169
31 69
99 196
53 173
34 96
37 158
19 47
68 90
96 143
0 12
100 136
11 58
67 176
54 82
30 132
91 155
10 65
19 187
57 57
84 125
5 83
74 86
29 96
8 84
52 77
0 105
6 51
72 93
52 147
54 113
81 111
61 187
8 145
96 122
92 179
50 77
9 115
4 121
14 154
61 153
19 119
5 62
69 129
79 122
27 170
63 130
59 141
25 86
55 140
41 72
54 98
57 175
2 140
36 194
46 172
55 191
9 16
36 193
32 124
50 122
39 128
57 136
80 137
9 32
25 33
4 33
20 196
16 78
17 25
17 96
71 152
55 191
89 150
10 83
2 173
88 197
1 132
2 81
31 162
30 125
32 47
25 80
63 75
48 53
5 10
72 178
22 174
41 145
87 199
30 196
44 188
11 44
50 79
14 186
10 135
22 56
3 100
51 113
29 173
49 58
76 186
31 125
90 140
57 123
14 193
58 170
2 162
43 108
79 98
18 88
41 62
21 72
69 118
58 97
30 90
1 174
67 150
36 118
58 110
23 164
13 16
33 165
8 17
25 162
76 133
37 111
48 62
47 67
28 199
49 182
98 102
93 131
5 131
47 53
96 111
25 98
89 149
61 107
63 119
80 91
8 140
77 114
15 112
80 137
29 67
95 187
55 127
19 24
68 150
24 105
75 90
78 162
35 175
10 57
11 190
30 188
91 101
95 194
82 185
60 116
4 57
52 182
94 148
39 169
80 191
72 167
44 183
53 89
19 172
34 187
19 44
22 89
82 92
14 68
41 84
51 118
95 139
32 186
65 146
48 54
59 168
32 74
97 190
11 142
0 29
88 156
55 168
27 51
90 170
82 94
25 99
81 142
20 132
84 104
25 172
23 159
99 110
10 24
97 184
30 48
91 110
43 59
4 182
36 143
72 85
65 192
42 142
19 39
50 192
5 194
13 39
14 166
40 129
45 116
72 94
2 176
65 187
67 166
10 12
7 60
75 186
9 130
48 68
79 140
65 138
68 98
71 137
64 104
13 190
12 193
41 86
10 52
16 117
68 195
49 152
10 148
10 179
37 82
71 184
7 128
83 138
43 107
28 127
98 135
89 139
80 137
62 138
12 101
94 146
66 74
28 70
58 154
29 131
70 136
85 189
89 128
92 125
73 86
16 68
86 156
62 192
39 168
69 164
27 123
71 165
10 119
54 194
62 63
19 91
53 131
77 115
12 115
87 143
17 98
14 162
7 103
66 162
92 128
83 105
45 62
62 99
40 122
8 40
33 107
100 115
73 118
86 88
28 32
98 116
9 153
50 57
17 81
96 120
85 100
29 194
47 69
82 91
98 131
5 179
41 131
87 101
18 108
40 118
100 146
81 185
32 160
18 196
82 142
68 150
26 146
10 63
47 49
5 7
44 122
70 79
56 108
45 46
25 114
42 198
81 187
14 21
100 182
41 71
57 173
3 13
45 120
0 128
55 182
34 141
62 197
24 141
71 162
49 158
75 143
29 148
2 24
5 105
46 46
99 100
11 61
76 124
56 199
34 95
9 178
67 82
71 93
12 63
12 56
14 30
6 86
37 146
79 174
50 139
7 160
70 178
44 190
76 85
65 123
98 149
98 126
42 84
35 162
61 196
74 75
63 140
78 138
44 75
24 38
82 177
32 171
89 186
52 87
38 164
16 136
52 180
35 83
86 153
31 60
87 190
6 193
66 136
10 120
92 134
84 99
60 196
84 171
84 183
90 185
24 162
84 145
36 97
34 174
20 131
72 163
86 177
66 118
71 196
85 145
97 175
29 120
19 146
76 156
19 95
41 48
74 103
56 147
42 126
2 41
55 83
92 102
92 155
59 175
57 143
11 20
76 123
67 92
12 174
36 197
55 62
47 144
77 149
52 91
61 190
18 156
50 190
79 185
18 123
86 129
73 159
66 126
80 169
49 175
84 187
33 58
83 95
62 147
34 198
37 84
8 53
38 42
85 147
18 28
94 199
17 141
83 158
54 68
86 141
1 133
41 117
35 78
13 119
51 55
11 149
16 68
80 151
31 116
95 157
1 182
27 43
10 142
93 111
43 153
36 149
93 178
96 124
68 138
35 132
87 125
99 188
20 136
89 118
99 125
8 16
43 104
38 57
85 176
34 69
86 115
98 138
19 112
27 93
82 134
43 104
75 108
16 176
15 152
85 131
91 110
79 170
78 161
33 62
80 194
64 111
30 112
24 53
47 86
87 112
45 103
27 117
88 195
19 65
31 200
69 123
86 115
87 188
79 84
12 194
15 156
66 167
26 151
100 197
72 137
60 188
14 45
42 96
89 177
64 179
93 106
53 140
52 82
88 188
83 194
69 117
41 200
18 188
45 135
60 174
61 152
86 137
10 187
52 150
72 89
99 176
59 97
8 128
5 147
7 75
23 142
58 106
29 186
99 101
95 181
4 24
55 143
36 146
56 78
50 106
9 32
74 174
79 161
30 187
64 105
1 107
60 76
6 15
92 165
43 176
2 4
53 92
36 141
16 24
41 88
26 42
6 17
49 190
60 108
41 164
31 52
85 120
5 176
56 168
46 90
87 124
79 135
55 191
14 29
60 112
98 119
48 49
50 154
86 96
8 165
27 120
22 110
10 97
47 140
33 148
15 82
11 174
47 68
26 131
47 95
12 75
6 28
3 71
29 30
86 185
53 93
63 103
95 176
99 171
80 108
52 70
47 176
46 121
6 9
79 84
64 76
30 57
92 132
1 35
3 58
17 147
60 140
63 148
77 155
60 104
3 38
81 165
48 114
6 7
44 61
12 31
54 176
73 102
30 190
43 121
86 135
3 89
76 196
98 127
23 183
68 76
95 181
99 199
1 137
90 194
13 108
53 96
68 144
11 100
75 200
7 185
22 80
85 160
19 124
74 198
95 181
25 184
28 43
83 103
36 51
2 146
52 150
7 168
76 123
30 177
54 166
31 72
28 160
67 172
73 110
20 65
34 41
18 123
64 88
94 118
100 135
96 198
26 81
53 86
16 72
5 42
91 142
22 152
13 62
82 176
22 55
4 27
28 150
12 60
75 161
