4994 50
285 415
103 230
53 220
395 946
489 932
482 532
147 274
430 688
148 324
433 438
144 186
161 585
619 765
4 78
284 285
226 560
500 731
2 488
47 53
135 169
9 336
23 42
181 703
80 404
7 9
85 163
937 969
160 962
20 63
378 631
47 540
231 597
842 914
20 24
214 330
343 460
75 351
109 134
71 896
274 492
162 468
333 512
342 365
232 367
274 950
574 793
239 401
564 689
288 937
90 131
196 950
53 453
290 295
101 854
24 594
92 164
117 215
782 826
701 867
134 405
52 303
72 160
354 768
68 702
56 202
1 956
120 126
435 993
260 315
83 917
347 672
50 687
78 512
542 779
10 182
175 176
185 327
172 584
314 431
599 600
110 139
3 15
39 270
85 116
450 543
11 816
68 319
127 730
60 145
108 601
176 186
17 28
775 984
743 933
501 967
435 749
547 982
275 313
792 985
90 361
19 135
14 41
501 771
422 489
62 560
265 903
30 117
712 772
228 400
47 180
24 183
17 911
51 113
0 5
113 691
44 70
8 23
149 606
47 79
278 608
533 967
183 634
88 136
315 686
701 937
249 512
713 888
332 955
468 471
448 727
300 465
271 709
656 723
519 979
344 423
8 122
65 932
18 180
431 554
18 100
152 265
273 310
85 161
58 901
574 691
537 707
392 567
99 483
91 927
76 186
358 641
17 716
121 994
219 467
241 413
578 595
282 562
163 256
46 116
582 673
763 915
527 710
173 424
159 619
498 967
26 57
559 774
507 594
661 876
210 331
5 29
147 838
74 474
34 204
163 509
155 602
740 906
0 3
649 952
63 347
821 823
123 147
121 588
185 848
84 328
339 646
761 959
679 802
637 980
53 526
791 985
294 877
153 307
5 158
119 149
250 789
486 723
75 508
204 415
634 962
76 193
389 498
259 798
88 92
593 939
376 440
204 259
364 446
203 396
754 819
13 200
453 958
836 864
662 921
0 130
34 107
441 763
395 578
173 231
292 462
665 741
680 792
653 712
203 273
308 432
2 767
126 168
163 258
294 608
464 541
13 58
378 872
469 473
519 682
162 206
6 116
399 917
94 377
104 156
40 585
33 211
89 189
80 406
156 197
15 216
459 900
341 410
32 781
308 417
838 903
159 190
121 180
211 974
13 15
132 250
312 476
129 993
316 953
34 41
31 202
1 52
65 267
71 655
339 950
199 254
689 804
83 131
368 776
86 142
372 823
405 614
1 12
9 150
82 88
26 882
526 590
129 152
157 173
92 548
75 126
105 644
131 237
593 682
294 877
182 328
382 932
157 181
516 534
316 894
407 501
122 752
256 453
44 145
49 542
128 134
589 627
22 23
239 607
64 183
13 95
334 936
112 242
625 835
7 53
634 853
211 780
157 189
179 179
161 417
495 874
19 72
527 951
232 547
218 365
303 909
288 498
42 418
321 902
706 755
92 471
91 543
258 657
9 29
35 411
21 398
482 662
353 399
409 590
133 844
60 307
123 969
296 593
361 457
17 299
24 586
105 966
675 744
455 777
17 613
54 235
130 322
17 637
90 727
123 574
277 414
84 101
26 38
210 393
8 707
56 77
26 715
54 207
67 252
211 255
241 504
455 685
1 58
67 195
141 299
52 145
3 949
57 264
443 465
3 70
227 747
561 832
147 731
125 254
673 703
132 359
26 139
268 710
93 347
423 524
338 599
262 941
34 709
65 71
386 789
79 620
39 893
39 73
93 637
397 814
194 717
103 630
20 210
229 233
348 463
368 797
664 984
117 188
422 890
179 510
262 759
40 950
89 101
138 746
375 894
594 845
230 650
6 7
117 752
154 484
168 764
327 361
219 290
34 106
287 681
111 337
94 226
500 738
592 791
798 906
39 105
109 909
197 298
492 918
201 266
10 73
21 412
230 757
294 816
31 37
553 844
44 597
17 243
240 650
79 232
136 938
132 515
31 827
35 225
418 799
681 819
193 933
10 117
293 675
705 807
124 767
31 880
65 709
665 869
45 339
556 898
15 952
133 167
135 490
825 916
11 151
225 255
20 60
71 162
26 97
371 546
3 237
46 289
110 190
570 941
494 800
350 578
157 415
1 634
79 152
164 197
241 265
673 740
49 57
21 206
627 666
411 782
63 331
724 892
70 898
888 959
611 615
103 212
97 243
184 224
50 751
185 617
255 377
63 275
6 10
799 863
295 299
935 990
700 917
59 603
348 495
91 174
30 34
141 532
35 865
49 180
86 548
393 725
6 12
67 691
389 873
392 800
934 974
151 319
426 566
369 379
84 184
484 742
222 414
591 918
10 12
62 178
23 147
1 187
198 637
452 597
211 307
215 677
736 817
82 148
150 411
68 449
30 90
266 596
19 87
306 631
27 80
173 815
209 344
127 296
98 160
321 392
472 603
290 497
136 360
13 146
81 144
531 935
541 623
120 212
55 336
4 33
442 513
14 39
340 382
560 889
642 849
537 542
301 607
407 850
121 333
51 292
311 449
125 546
4 6
226 505
617 759
214 305
6 108
112 813
180 610
50 704
234 629
112 491
240 361
685 915
81 110
138 343
420 578
19 359
60 72
12 272
556 910
91 556
36 636
179 894
453 544
73 419
220 263
203 204
84 806
517 952
702 854
222 262
171 302
129 240
695 898
424 700
75 82
101 548
523 853
61 725
0 164
754 860
555 803
170 452
132 218
11 669
70 842
458 502
53 122
88 683
198 865
217 946
276 918
692 999
9 12
103 447
24 25
510 545
60 278
589 616
537 680
6 14
22 28
237 787
27 90
101 499
450 552
451 909
769 976
357 431
19 404
183 727
195 773
582 708
17 50
143 764
141 190
339 439
315 730
457 800
495 594
147 219
143 484
205 722
266 290
6 9
321 337
551 706
500 834
420 699
7 13
259 947
7 30
3 52
37 72
42 193
454 757
759 953
412 816
62 420
26 425
30 58
100 455
74 115
78 741
240 401
270 507
578 593
382 949
358 481
91 432
274 571
684 800
91 407
514 944
81 288
57 65
76 429
304 715
158 751
77 225
440 905
563 606
638 779
221 438
323 682
545 664
203 610
227 663
318 611
87 392
67 497
350 957
503 853
362 408
104 529
371 940
17 89
16 68
342 581
78 983
95 107
519 899
88 857
226 238
5 96
622 692
329 588
160 699
69 736
236 562
380 598
30 304
25 620
655 657
460 842
587 946
20 760
287 350
257 853
14 273
211 890
135 249
36 76
103 109
760 984
187 374
564 922
145 570
109 278
388 703
408 671
330 428
62 77
39 123
34 153
308 531
79 916
87 418
484 550
143 208
323 579
15 254
347 736
1 126
235 299
684 996
34 111
499 929
69 230
92 552
364 746
140 569
126 148
104 236
1 6
152 320
382 588
52 97
346 956
244 959
66 790
538 675
448 671
165 405
554 608
493 720
37 539
24 63
470 925
668 881
198 615
82 352
101 103
59 968
327 571
411 418
25 117
169 256
133 714
25 651
275 533
21 856
134 889
191 977
212 731
132 903
151 325
255 277
49 199
27 81
58 449
686 907
96 299
71 568
36 317
11 320
116 234
702 851
840 847
0 2
461 618
10 194
649 821
299 547
104 242
258 263
119 441
199 214
324 900
837 926
373 563
184 616
141 979
189 549
128 450
468 952
336 494
610 708
820 923
496 526
80 619
579 686
839 943
273 607
354 412
2 38
201 601
110 735
44 293
359 386
225 317
169 237
114 635
12 771
531 626
405 930
190 286
619 930
103 176
235 449
408 479
289 980
230 379
11 352
27 42
38 967
33 461
21 374
7 21
33 418
963 991
662 802
133 167
566 840
132 384
55 458
280 729
394 717
37 660
166 193
9 664
460 655
7 590
188 390
268 360
104 141
562 573
83 92
282 290
9 755
267 994
303 364
22 38
112 820
356 496
16 180
372 849
226 270
398 731
81 907
24 160
481 969
169 857
193 762
103 611
173 199
442 755
196 571
445 754
603 845
56 388
133 558
68 75
343 912
67 184
485 527
208 801
303 425
678 710
39 264
49 870
1 1
381 886
191 925
178 649
433 725
354 420
626 818
510 592
220 666
634 666
23 31
369 527
65 753
9 25
31 84
447 655
13 36
163 336
113 708
459 831
27 887
10 99
156 374
683 966
92 191
91 373
250 342
736 846
216 262
91 253
360 640
9 34
683 884
151 332
86 166
53 497
84 207
172 397
666 796
193 607
96 252
22 68
260 410
35 923
693 762
65 71
363 433
365 395
250 926
619 815
502 604
94 177
374 689
811 847
160 265
21 25
46 131
63 76
40 45
68 896
89 116
648 882
7 27
176 206
177 236
27 221
453 965
52 180
402 514
175 909
628 713
413 958
139 170
220 720
180 564
463 546
777 941
310 507
18 34
424 631
473 868
25 961
24 28
516 582
21 37
25 82
64 231
304 876
587 652
5 20
1 19
77 477
180 490
661 710
231 585
1 178
405 506
29 31
74 324
50 116
254 286
8 11
278 584
376 878
111 870
299 302
689 710
912 942
400 800
120 206
213 453
313 387
558 688
358 372
505 746
200 440
81 170
481 795
378 577
320 735
4 18
300 351
569 584
72 647
229 243
118 919
68 418
278 959
236 596
124 228
272 618
382 423
39 883
63 295
108 931
163 693
179 438
472 974
416 439
21 446
5 5
102 198
356 412
498 864
643 681
62 626
588 647
57 510
80 920
227 586
440 917
41 275
604 630
542 668
55 133
251 949
327 676
328 855
41 135
79 659
41 44
10 26
61 343
83 391
590 682
293 465
66 242
166 333
92 796
319 662
496 897
369 811
18 109
854 982
44 77
44 304
31 89
193 828
141 416
81 407
374 695
24 45
207 807
557 558
654 868
250 360
1 231
529 790
82 485
187 206
392 408
40 273
786 907
57 251
234 243
583 874
705 769
851 995
206 429
315 743
198 452
83 245
310 969
15 122
543 834
206 275
152 929
27 123
127 651
92 999
497 702
673 943
114 243
328 352
166 378
135 220
509 893
245 282
522 669
0 386
400 609
70 113
315 413
132 354
32 150
178 214
63 131
210 474
46 48
88 135
260 700
861 975
542 883
73 475
312 702
359 458
131 205
55 115
250 382
192 499
558 711
683 698
154 336
785 960
14 28
195 629
599 614
486 494
58 161
319 996
433 575
847 894
133 555
70 118
170 402
28 89
562 635
854 888
256 616
3 60
2 44
122 383
15 476
0 69
97 275
2 40
92 246
628 835
754 790
163 902
187 403
542 657
295 677
21 164
37 54
16 387
354 708
729 967
408 450
6 702
218 782
33 53
367 541
556 716
626 915
5 647
549 863
35 589
4 146
21 106
537 648
587 599
179 279
230 233
54 365
86 671
1 6
74 101
20 42
530 557
185 733
853 869
226 256
262 779
156 542
210 373
178 689
456 694
40 362
481 555
114 447
492 659
177 814
25 212
324 368
272 411
128 249
6 179
667 956
17 127
145 995
177 658
34 172
544 659
63 184
274 631
44 133
452 495
81 379
52 496
616 979
267 272
697 970
935 950
119 574
23 75
440 496
301 501
232 279
13 211
667 845
200 338
209 347
150 237
339 712
231 291
53 382
96 267
294 517
57 154
250 281
253 357
94 855
462 810
223 525
263 416
111 799
130 256
271 317
485 795
861 890
399 458
335 391
251 589
62 710
57 627
268 931
438 584
532 628
12 21
95 930
448 937
290 535
113 180
301 567
328 780
502 644
125 273
267 897
121 372
118 200
295 397
831 911
184 232
548 556
7 17
405 914
185 391
101 380
951 964
913 926
493 893
292 403
77 180
8 104
251 307
78 119
589 675
354 984
137 770
11 123
566 691
306 449
5 975
64 504
968 986
168 172
143 897
43 178
88 503
310 760
190 598
24 145
5 82
430 684
384 697
52 340
477 615
376 403
73 278
202 327
170 955
53 110
50 68
324 534
82 645
239 253
55 209
728 871
684 774
135 926
588 857
316 780
909 945
1 27
309 992
295 438
89 451
669 705
261 346
337 770
756 915
264 467
118 553
4 31
309 802
308 474
92 183
292 590
59 252
724 751
61 103
313 320
71 685
854 863
1 256
230 355
174 893
71 446
106 121
226 709
377 436
11 92
338 894
177 630
270 829
0 3
694 705
900 938
86 302
316 877
31 65
162 220
20 294
27 354
24 94
492 580
48 598
571 840
105 130
462 906
41 160
106 689
281 337
200 608
381 507
56 104
175 177
150 250
16 508
309 763
115 170
65 281
269 437
236 946
187 559
37 43
12 33
265 766
87 115
156 373
519 581
129 170
269 468
557 745
41 89
508 533
133 395
49 191
116 197
89 230
152 250
287 608
398 764
5 166
125 172
370 429
96 515
23 497
565 799
283 500
86 114
28 204
12 372
521 715
714 921
310 512
112 166
415 514
4 4
588 645
23 342
172 941
406 647
432 511
307 357
545 848
219 251
40 204
171 234
676 736
412 574
150 460
248 631
103 336
427 718
674 807
109 112
73 73
152 255
474 474
986 995
179 200
324 743
43 50
421 424
165 979
495 769
371 830
415 881
154 188
253 742
162 344
117 563
248 300
33 397
258 644
39 99
332 976
369 707
28 768
302 402
298 320
57 75
1 386
59 417
134 378
206 456
304 749
32 125
97 531
18 37
4 115
557 883
2 77
152 340
38 427
190 756
266 337
3 3
297 972
2 498
204 231
175 447
316 377
233 265
7 37
137 226
60 190
151 515
140 435
257 663
108 347
292 541
24 36
388 912
73 440
217 558
340 584
114 502
29 707
253 674
43 287
372 756
101 849
341 645
41 175
343 369
177 450
194 886
406 449
446 563
87 704
46 124
687 784
9 36
482 919
139 852
8 424
147 183
653 838
666 912
45 218
150 955
123 469
340 432
74 135
351 431
472 837
138 165
204 424
115 620
4 506
36 384
14 276
242 342
8 523
217 431
44 66
434 442
77 520
342 480
39 314
430 969
133 155
43 268
120 463
41 155
238 351
38 805
6 127
16 877
865 884
243 903
51 377
399 995
163 584
317 602
139 141
507 765
52 334
13 182
214 767
213 438
177 267
245 661
428 588
173 504
439 923
512 604
98 259
160 224
390 656
179 745
462 909
611 760
67 627
35 38
134 221
313 727
27 552
85 164
117 529
494 578
273 558
255 409
95 110
207 239
338 340
221 290
365 495
4 28
377 453
17 40
806 997
563 564
645 980
226 759
35 144
44 145
625 904
412 786
178 532
55 570
268 329
511 880
309 932
481 662
279 616
88 274
0 227
51 79
263 675
256 617
399 661
193 920
285 286
0 340
28 402
22 31
319 322
384 392
98 523
54 91
3 25
44 917
26 27
77 446
44 247
546 647
168 374
233 939
166 530
337 506
617 956
586 856
4 355
217 493
60 487
518 789
639 963
393 808
32 48
898 931
108 126
125 597
750 949
429 494
177 210
432 561
37 190
131 187
155 176
17 284
315 499
172 322
49 458
441 772
237 775
280 388
422 659
161 206
126 127
133 437
115 298
229 725
171 763
271 723
27 126
417 880
387 892
275 532
201 386
102 128
44 420
93 108
178 890
47 102
72 104
361 420
25 228
136 929
286 385
20 67
354 544
70 374
123 382
33 121
23 136
82 357
403 858
110 238
384 928
128 155
62 76
152 799
139 678
102 978
70 586
6 897
62 162
74 737
887 996
676 908
29 767
401 434
14 39
146 384
51 928
231 270
373 695
19 178
241 339
201 427
43 626
564 928
46 65
568 806
51 348
237 888
198 211
613 841
199 317
721 877
605 854
0 189
114 332
92 321
378 872
154 264
725 903
27 356
77 704
193 208
196 400
580 627
360 969
545 774
177 265
200 249
6 134
213 428
169 328
142 297
393 799
593 679
65 75
77 168
184 187
56 76
97 117
61 87
45 68
168 694
738 943
260 543
202 925
200 326
12 87
12 44
14 174
13 17
385 404
217 322
236 382
565 830
595 886
126 266
171 944
37 925
322 978
30 349
80 214
134 136
530 580
20 63
754 909
189 340
195 213
353 886
249 673
160 193
424 687
3 49
1 30
490 832
11 38
371 702
80 213
496 757
505 750
866 906
229 276
249 255
2 13
243 806
524 753
59 232
309 514
18 324
749 997
126 219
479 838
159 407
5 10
47 60
335 982
284 799
489 629
51 147
185 822
441 762
264 516
144 424
972 990
26 748
116 311
6 480
843 873
29 55
97 706
57 94
655 753
107 251
72 74
857 994
392 404
330 351
51 51
325 813
401 865
316 461
588 608
15 106
37 459
43 241
40 50
52 215
132 364
462 570
718 775
614 689
478 611
412 527
271 364
468 771
126 310
147 203
462 683
101 215
22 56
441 970
190 246
256 450
391 420
320 361
368 729
91 620
15 95
259 457
354 987
44 829
111 937
70 83
705 845
118 361
515 844
306 732
356 881
49 812
621 963
293 659
188 571
599 878
113 132
213 222
6 83
337 632
374 382
537 664
571 745
23 821
4 11
26 253
12 15
471 473
57 78
255 372
425 818
12 13
38 310
33 60
154 329
83 144
102 801
477 918
588 668
44 455
484 833
623 665
554 957
26 37
24 34
50 312
90 490
118 163
62 865
678 693
511 984
4 145
256 342
225 314
286 353
87 90
395 594
16 570
241 495
24 492
655 777
319 332
474 646
15 93
59 289
169 712
119 149
63 279
424 713
432 767
139 757
724 788
163 706
666 670
461 576
565 681
686 793
230 307
111 234
369 551
159 178
54 174
186 211
271 685
186 430
121 561
729 923
365 919
52 726
69 328
235 684
743 978
69 253
228 394
224 980
237 820
57 57
4 373
344 367
60 184
462 921
0 5
246 272
277 536
120 216
693 869
236 312
202 769
50 360
788 947
275 285
686 714
120 144
188 232
109 501
520 692
452 846
234 589
13 407
80 146
45 45
429 831
173 240
103 274
321 920
366 620
731 995
736 939
26 340
183 227
293 320
2 4
77 681
234 239
193 341
591 891
5 49
118 236
245 503
26 275
502 687
357 976
2 2
371 428
79 617
408 987
80 204
814 942
257 519
21 119
636 830
305 661
647 665
155 992
83 170
56 774
376 427
221 244
0 5
246 280
416 812
163 187
107 126
456 972
374 778
212 471
719 941
565 733
158 335
157 365
58 508
117 280
629 975
46 50
569 993
368 853
44 287
69 479
175 465
103 547
65 135
261 429
88 622
107 879
525 536
190 305
20 202
552 709
410 951
22 761
87 93
145 887
149 180
191 491
751 807
314 714
31 36
273 502
92 103
214 577
312 359
66 71
136 161
42 126
37 122
8 394
182 853
30 225
73 412
298 365
85 107
143 144
66 705
291 393
861 912
22 604
120 851
27 192
72 79
15 34
209 618
592 655
123 633
58 143
97 941
323 893
335 621
749 819
149 239
245 378
376 639
184 447
348 418
1 1
50 157
528 694
13 734
55 117
24 340
453 463
264 643
24 87
11 535
831 904
337 826
477 846
350 576
27 476
502 983
178 373
26 101
53 470
331 625
312 368
104 147
16 179
330 368
310 454
355 902
485 908
465 766
500 864
868 935
34 81
427 502
572 816
617 851
711 806
109 288
318 899
260 531
152 313
26 98
365 775
565 678
78 217
780 943
492 557
31 143
621 808
10 148
15 47
791 957
36 90
479 605
23 722
70 701
156 619
29 188
638 765
109 298
24 157
49 258
90 248
630 798
41 47
679 852
33 141
24 861
531 582
92 102
11 18
116 464
117 119
185 203
162 173
245 615
786 946
7 42
623 830
693 710
63 208
68 810
404 495
197 240
635 638
74 943
601 863
368 687
108 208
290 489
296 818
580 961
4 942
222 732
4 250
226 371
165 633
10 770
604 881
241 842
607 942
454 914
125 636
66 677
394 513
382 452
103 713
198 220
16 371
439 634
18 353
222 235
142 629
127 449
378 902
468 655
29 34
26 549
612 749
5 119
109 520
527 808
706 717
84 324
818 999
188 434
698 950
98 337
273 768
10 322
139 195
544 946
300 494
374 763
273 576
28 193
195 232
332 479
172 683
171 868
39 44
653 664
28 62
45 328
125 261
59 249
557 787
61 97
1 70
874 969
241 990
11 30
458 533
845 943
74 135
113 153
104 328
74 94
36 109
115 149
489 594
374 530
81 91
2 6
253 870
904 961
64 541
411 892
217 546
52 451
275 436
426 823
254 910
496 858
678 733
123 459
37 50
405 626
203 406
458 534
598 794
45 153
100 569
93 125
229 973
778 815
205 438
223 506
20 121
175 487
6 101
697 712
289 625
37 68
277 873
653 924
331 383
229 452
19 77
507 806
605 961
502 552
22 26
206 533
625 983
157 217
130 431
12 982
55 355
185 444
45 711
519 854
358 439
224 335
226 262
256 514
6 10
257 753
74 84
50 70
44 659
18 29
708 936
471 498
177 267
185 519
2 21
111 574
117 943
239 661
117 200
4 15
353 412
204 614
4 7
115 431
310 353
861 894
22 51
425 816
277 695
506 664
191 222
727 921
318 980
279 866
308 725
15 495
15 19
534 580
15 455
110 180
155 301
697 760
6 252
151 396
97 674
610 891
37 55
238 418
431 544
42 82
273 292
185 231
424 547
577 718
30 129
390 403
103 386
190 744
50 112
282 585
311 944
692 788
159 163
300 951
36 480
79 322
379 847
335 347
200 208
105 376
462 841
165 287
13 262
482 705
376 459
128 245
135 389
103 112
430 887
218 234
570 593
824 845
153 858
509 703
525 694
2 406
252 370
205 827
370 500
425 439
28 424
95 130
5 133
482 578
382 807
276 392
225 237
575 871
139 250
54 342
223 857
676 741
56 801
370 900
45 432
19 142
215 372
206 564
187 317
345 606
265 622
321 501
228 626
59 124
204 243
646 789
900 965
645 704
381 809
522 805
453 486
31 195
214 642
184 577
218 879
55 81
438 840
322 773
0 538
135 553
41 584
37 128
232 358
278 323
148 911
385 532
313 858
23 33
282 711
584 675
110 192
326 782
131 266
8 59
81 171
36 345
621 909
344 579
73 160
158 210
6 126
163 731
377 568
19 60
740 870
254 327
43 68
94 169
375 832
36 460
54 447
124 417
58 439
1 97
66 95
380 666
84 307
49 119
385 964
100 872
970 972
21 489
329 487
778 966
24 525
163 324
97 228
44 307
602 986
177 936
35 880
75 238
459 658
258 348
311 906
35 762
225 341
528 837
181 701
457 746
160 422
663 983
299 572
653 677
229 465
1 2
54 901
130 211
107 902
91 838
31 399
172 237
64 452
14 102
60 299
18 424
850 870
2 9
209 309
86 266
14 369
662 756
1 67
4 139
119 363
84 136
294 309
702 821
13 485
71 242
1 403
115 700
259 314
581 613
276 434
71 327
426 925
2 201
247 407
339 668
270 510
220 944
302 369
131 463
756 885
467 523
424 722
577 819
626 917
446 920
280 447
414 590
67 90
332 487
138 539
35 209
440 763
750 904
610 727
203 982
4 144
12 558
395 845
254 696
44 644
146 918
26 55
341 469
398 467
78 992
587 788
157 791
23 245
67 172
719 779
40 70
189 353
152 382
105 678
9 55
562 674
161 507
241 760
152 200
534 949
486 745
540 759
59 897
449 728
379 994
751 794
521 739
142 164
128 537
51 83
46 652
511 740
31 58
42 157
149 809
416 563
303 790
21 126
204 571
0 1
599 756
67 630
152 210
24 38
44 489
386 702
348 620
12 629
108 128
127 234
11 270
11 58
91 122
99 135
240 881
152 836
472 703
524 732
190 302
2 27
142 339
100 693
53 250
101 722
100 625
35 627
148 402
499 566
322 635
568 788
534 647
56 84
254 887
7 33
132 323
4 14
165 418
257 946
132 138
310 695
166 833
692 812
30 34
22 594
18 331
688 971
671 698
14 502
862 960
54 127
237 998
90 380
169 804
22 99
380 641
115 142
222 708
406 425
301 376
126 802
459 791
18 206
804 869
210 629
691 965
736 844
26 706
100 176
315 779
572 850
208 353
47 598
201 397
26 349
72 306
703 811
326 370
883 995
717 757
315 342
598 972
224 658
1 3
282 783
2 172
456 773
143 184
67 241
108 553
168 342
62 156
862 921
101 130
279 437
272 581
270 940
241 295
373 391
39 45
72 500
62 91
286 615
454 746
278 764
221 572
316 480
225 520
55 87
35 313
580 727
149 377
258 484
15 26
39 45
65 221
11 12
316 956
52 91
501 577
833 930
209 866
81 381
350 356
742 809
591 908
110 815
247 301
4 145
41 43
259 634
488 758
19 450
205 226
553 991
34 43
229 583
43 62
417 554
459 723
2 52
70 591
118 944
354 741
129 568
190 316
13 201
121 596
81 91
1 242
36 62
27 412
260 816
163 238
205 331
8 186
1 4
220 269
775 933
798 950
254 301
594 819
34 125
52 52
4 115
199 352
41 43
312 718
3 9
246 540
142 164
402 435
237 700
251 252
43 52
284 651
478 715
192 265
657 812
55 521
68 69
115 152
3 300
231 239
41 309
44 324
525 921
142 460
454 897
26 958
67 936
457 649
200 222
147 509
238 289
70 495
191 733
472 958
429 652
34 266
47 409
22 92
183 670
124 176
410 806
209 424
113 197
32 58
500 811
106 122
211 263
285 858
20 112
654 853
255 639
107 139
209 224
104 694
48 336
382 884
899 968
63 181
812 855
47 356
236 878
406 627
66 204
142 143
333 418
110 562
22 97
18 231
52 279
170 176
230 897
66 499
391 506
476 747
137 458
307 643
224 250
314 517
195 283
286 529
71 870
760 897
34 518
590 777
658 714
237 292
164 182
531 889
6 57
347 612
76 82
51 665
307 579
169 324
47 768
758 988
597 801
10 326
430 906
4 13
471 627
528 774
270 780
917 930
165 489
147 717
18 19
60 116
581 742
139 179
41 207
102 172
683 742
169 468
0 233
0 31
86 289
357 404
759 781
173 443
72 180
352 370
627 641
403 447
785 903
907 968
374 595
42 262
145 817
133 880
382 391
135 364
146 566
570 936
191 294
87 535
119 857
256 535
180 952
291 382
853 937
681 725
26 42
67 797
44 64
404 782
175 688
383 583
476 982
572 895
263 956
178 306
946 978
351 439
320 428
227 230
60 113
388 927
2 7
20 61
75 404
249 354
268 432
223 612
301 406
77 757
135 873
481 496
13 35
679 679
128 265
127 314
164 946
243 786
2 854
542 915
64 204
495 512
11 227
147 424
224 546
44 54
271 907
208 422
133 297
146 347
153 307
160 374
42 497
270 969
97 515
165 770
437 585
728 899
777 893
432 502
224 485
943 981
283 564
247 687
51 512
310 527
220 398
449 735
621 897
386 682
508 762
17 70
197 866
295 768
682 858
73 506
627 731
25 55
423 826
220 296
551 875
182 239
216 526
536 567
168 671
745 927
274 519
599 860
5 105
361 371
0 119
701 832
306 842
173 680
46 160
121 427
216 327
335 806
7 448
131 317
631 935
54 77
89 95
448 502
516 770
347 944
563 910
76 541
162 723
33 228
349 833
304 558
40 687
325 433
244 342
8 826
53 92
459 919
266 380
317 546
491 986
13 90
343 580
41 68
31 404
69 215
76 995
482 932
238 472
172 444
237 301
144 147
914 946
82 715
79 859
317 796
5 76
185 222
107 134
217 361
511 833
165 340
818 881
288 578
220 917
663 730
536 554
255 461
213 830
90 139
116 936
0 6
48 341
29 48
511 902
493 505
186 549
362 680
379 902
415 602
466 667
201 329
272 575
337 804
30 36
147 716
127 127
7 14
88 889
383 652
12 129
565 655
130 869
320 743
278 808
8 386
615 965
282 387
187 361
109 722
166 263
829 954
629 757
70 263
538 755
26 438
632 980
131 167
374 517
11 565
67 74
677 942
182 288
55 205
562 573
143 333
35 75
17 24
206 332
59 286
367 560
283 369
389 625
131 445
106 247
744 837
12 16
523 576
105 351
80 947
10 317
266 416
16 21
477 572
315 425
260 526
89 563
421 794
18 182
124 334
17 34
110 260
149 189
68 614
42 207
114 848
209 807
412 503
211 409
133 288
50 121
2 3
650 960
153 549
360 485
5 5
50 184
27 38
279 455
338 995
216 307
92 98
557 709
345 839
79 154
611 857
503 670
120 897
221 821
818 886
232 236
573 614
8 965
83 839
797 921
278 652
113 304
17 27
14 373
117 667
222 525
38 74
86 477
461 636
4 19
239 865
399 405
486 805
17 38
569 659
470 775
253 875
316 986
96 272
213 745
64 223
892 957
94 225
255 531
766 945
145 353
272 441
108 366
378 759
2 463
542 797
9 125
162 222
733 780
327 372
1 55
545 887
160 231
107 632
78 458
648 763
255 464
26 203
579 745
548 607
159 331
79 866
299 431
34 297
253 690
65 325
131 354
8 24
246 254
461 636
60 200
77 535
187 543
302 915
289 948
690 746
146 326
6 302
4 409
408 422
27 81
253 701
0 469
9 165
345 559
110 281
427 784
71 943
44 479
258 300
38 106
454 994
127 205
21 925
525 711
449 491
547 909
32 721
416 598
389 418
191 757
575 666
400 477
142 921
28 207
919 932
559 822
158 173
36 148
77 114
57 725
476 515
547 561
47 61
597 640
94 148
409 413
9 237
42 45
52 89
117 385
152 581
293 630
32 174
610 678
547 683
541 672
124 187
623 962
45 684
69 598
177 653
94 523
639 972
236 378
429 705
131 321
232 340
615 829
550 578
26 32
250 362
245 298
527 549
11 115
502 636
777 782
135 884
156 298
64 348
854 882
281 407
103 356
53 77
31 167
14 44
594 869
275 395
840 984
11 31
713 969
704 799
331 771
481 610
224 430
346 481
356 472
33 102
632 958
18 715
146 184
118 488
120 322
318 932
455 686
254 828
576 663
180 210
225 537
0 5
122 140
399 926
772 903
39 243
184 338
186 684
380 931
568 570
310 722
215 631
288 696
420 465
323 914
338 393
123 628
377 848
88 168
469 496
668 901
15 424
10 188
248 298
547 654
621 726
53 146
229 722
266 947
42 241
3 21
274 599
39 40
263 599
438 493
262 363
278 501
17 603
28 585
66 906
110 900
94 273
395 877
51 270
800 961
854 912
177 197
48 369
21 137
153 230
102 239
109 955
78 307
871 879
44 253
302 375
613 945
582 591
63 560
170 202
434 519
668 962
90 149
506 643
972 979
92 274
617 884
741 844
394 483
83 417
310 699
214 991
600 649
422 434
389 454
280 585
106 914
712 940
428 466
12 953
92 106
714 742
69 421
112 297
592 673
133 172
31 528
267 284
192 512
270 272
291 436
111 606
108 564
300 313
168 256
394 407
204 434
25 559
173 544
277 783
504 769
194 644
613 751
176 443
25 274
129 804
94 102
415 470
157 875
89 869
731 994
78 104
165 607
26 103
61 241
8 66
13 15
45 69
423 629
276 728
54 67
87 266
15 615
358 501
756 913
87 284
374 516
43 49
374 461
158 380
516 587
346 606
319 903
262 652
296 381
269 742
537 704
606 639
414 955
157 239
110 164
105 403
88 739
308 790
109 536
854 945
500 667
91 143
93 109
1 996
318 852
200 547
410 515
377 565
323 967
491 559
21 102
414 869
510 651
85 555
43 108
37 51
768 797
317 472
144 461
41 449
13 157
472 977
20 33
193 827
776 807
0 82
366 717
145 823
91 143
10 172
176 621
93 309
351 355
163 870
67 707
15 15
530 693
265 861
219 630
2 2
229 782
212 660
269 331
6 59
707 820
531 724
420 584
71 867
22 740
14 525
787 907
392 643
773 903
148 386
357 478
225 504
1 1
349 393
722 726
13 87
42 477
10 48
70 455
30 49
10 218
216 225
466 737
458 488
595 928
15 70
364 582
60 152
313 355
62 76
114 321
133 406
71 78
329 372
641 927
143 620
6 441
64 389
657 657
17 146
472 716
160 171
230 832
130 710
508 721
544 995
281 839
45 445
261 349
288 924
69 269
650 751
48 142
363 950
283 639
3 454
437 846
105 766
18 729
12 262
405 438
335 512
790 910
779 846
515 747
361 555
2 115
118 318
99 205
0 56
78 520
301 311
16 226
12 211
121 182
658 717
507 655
621 992
244 921
87 175
27 583
11 574
12 142
325 605
20 737
76 255
198 502
77 241
137 557
278 965
89 913
393 630
575 711
119 702
286 628
695 732
305 691
141 593
956 963
223 577
154 814
132 335
586 638
699 752
249 555
30 50
711 952
105 270
191 219
485 584
11 18
134 967
237 603
108 936
685 716
536 613
36 225
209 587
244 460
356 433
208 407
223 436
39 485
947 999
78 406
182 280
69 817
26 126
469 804
168 414
135 239
634 813
235 942
60 136
199 293
281 663
369 878
46 88
329 389
128 439
911 989
636 923
311 708
234 780
91 137
63 257
32 462
405 526
599 720
52 394
97 363
84 358
44 51
358 810
161 421
396 818
89 308
112 309
72 87
62 126
4 231
303 459
292 503
233 515
171 412
199 933
169 836
369 571
274 315
212 741
137 488
72 282
17 102
540 810
273 590
48 102
75 722
582 697
28 276
83 928
85 181
658 668
50 754
162 473
598 745
152 494
32 233
31 109
244 495
83 565
219 853
362 810
521 677
377 495
59 99
259 553
157 488
69 220
28 259
151 660
14 674
173 810
651 998
86 222
58 212
119 539
9 344
798 990
346 932
169 416
181 222
624 707
76 624
246 345
118 601
24 80
186 953
47 90
137 145
102 609
303 465
372 544
13 667
343 556
541 980
392 401
272 355
229 577
128 666
256 967
103 194
8 818
634 811
37 109
274 416
204 291
8 17
596 904
752 810
173 202
281 713
225 294
546 653
286 495
5 201
118 914
48 104
522 781
199 403
154 293
103 238
1 55
144 160
1 30
618 993
609 755
65 70
91 403
18 512
63 610
60 82
0 29
11 177
34 725
149 550
133 424
165 231
269 577
728 740
107 215
258 924
313 900
190 488
550 844
607 775
244 837
63 233
527 693
93 360
45 183
138 871
17 784
130 150
759 902
57 214
233 815
57 247
196 543
339 362
21 84
710 744
91 212
6 481
105 182
80 360
109 430
480 515
256 553
196 433
904 936
39 533
48 298
32 159
433 770
207 609
138 160
58 246
705 987
177 222
511 620
157 287
73 414
183 822
46 249
38 291
34 381
260 746
73 148
69 102
777 920
298 480
130 444
63 861
668 903
66 93
71 122
235 896
319 963
114 283
144 386
243 536
518 729
104 380
0 576
31 41
32 606
448 588
32 196
50 265
207 963
559 898
277 646
18 62
233 306
295 903
38 505
290 772
221 398
234 836
316 331
247 460
551 727
32 184
204 739
204 262
59 147
41 544
313 562
493 639
123 982
600 685
33 586
865 963
478 650
0 25
285 481
98 180
366 439
157 537
321 351
134 696
651 868
378 459
546 699
270 926
658 843
105 169
92 233
443 553
5 520
310 853
516 886
393 475
271 346
127 618
687 714
26 51
593 656
68 793
350 404
212 247
520 669
300 376
81 81
55 538
376 589
1 404
534 886
730 790
277 645
290 704
169 568
175 931
304 358
465 851
81 315
435 846
163 409
419 758
44 87
273 330
60 883
482 635
77 788
34 402
461 619
218 711
541 559
139 172
465 847
168 919
214 370
63 351
78 146
513 782
96 279
112 405
36 688
13 45
94 573
5 249
303 664
80 554
122 697
374 890
549 905
403 425
343 366
77 94
451 821
34 173
401 853
90 319
7 64
193 463
41 45
59 145
0 256
234 245
40 84
46 457
856 967
147 188
47 699
240 647
51 548
380 726
277 677
55 692
71 269
255 325
57 495
624 908
259 280
128 421
35 58
291 413
677 677
683 741
480 516
628 678
14 341
139 542
240 378
462 968
105 269
4 10
28 113
266 880
445 931
405 438
579 735
57 66
681 727
57 712
324 894
111 375
139 611
325 608
491 601
79 143
668 827
73 99
332 421
276 711
732 758
287 715
107 385
601 620
33 34
23 111
217 829
427 910
43 243
25 81
177 254
625 862
800 924
308 427
497 648
31 831
35 275
2 536
792 946
488 880
7 961
16 41
257 901
356 399
195 927
57 157
35 53
91 479
302 834
533 726
40 70
155 187
189 592
488 859
54 575
176 648
158 528
735 760
14 50
169 902
789 997
85 175
69 225
197 311
612 979
35 234
78 98
339 366
20 32
24 221
109 740
49 57
640 724
192 600
377 431
150 455
105 297
197 427
100 160
722 738
310 747
112 176
13 586
58 238
217 936
79 557
21 45
262 423
826 928
84 710
632 682
191 551
516 957
238 606
14 100
48 85
87 492
174 175
215 280
512 894
131 642
933 972
100 197
244 495
213 720
18 102
166 909
224 567
118 492
93 249
6 466
34 36
603 984
61 89
11 17
66 468
486 561
1 57
630 875
464 689
10 11
32 92
606 783
165 186
80 224
582 869
28 119
202 350
455 634
763 792
774 893
465 514
641 701
70 181
84 729
15 749
52 209
222 325
18 96
41 163
524 742
28 130
175 286
74 79
164 423
8 83
77 133
93 294
106 519
133 149
142 587
110 802
142 446
14 882
1 792
65 93
14 291
511 910
106 124
919 969
187 259
765 828
898 933
65 78
112 649
154 333
29 455
641 788
126 131
44 360
4 33
463 932
178 979
146 395
66 502
152 306
362 395
184 776
325 401
196 989
34 511
29 40
65 183
127 205
270 342
122 291
84 568
108 548
739 977
496 925
274 830
585 901
744 962
197 595
8 117
187 352
346 430
194 323
314 553
661 963
112 643
344 359
38 330
40 73
329 722
295 410
490 610
201 623
178 669
231 720
684 877
662 969
238 721
473 938
69 103
160 337
287 349
137 504
117 665
294 752
387 937
601 860
4 5
25 59
333 368
69 117
294 741
194 646
49 517
138 377
93 839
89 628
9 25
84 329
161 179
299 644
310 475
269 504
10 18
207 733
259 302
77 196
0 785
85 475
892 910
442 811
274 867
317 374
111 474
501 639
36 90
508 714
353 571
5 130
199 927
426 793
293 579
178 482
116 157
122 122
109 703
868 941
44 321
483 637
146 501
12 742
314 444
322 716
880 974
21 542
552 679
644 676
318 804
69 787
61 77
0 1
762 797
199 923
110 972
341 781
444 686
319 417
519 707
207 344
42 135
6 7
157 181
213 945
241 509
1 354
247 253
17 267
104 107
0 385
48 960
233 304
742 999
536 710
14 109
27 410
153 163
271 466
17 39
130 276
366 577
533 588
50 129
85 109
30 61
296 635
776 976
159 900
49 71
342 383
391 605
434 820
94 118
379 675
269 416
37 97
236 821
16 157
666 901
109 217
156 225
664 900
125 210
122 612
162 768
421 553
56 454
105 116
198 379
299 814
196 444
9 21
132 660
37 145
538 829
46 141
376 608
125 761
31 41
712 981
200 374
166 335
206 966
243 741
191 934
36 86
480 550
224 451
363 435
6 412
31 854
5 228
457 649
578 670
149 609
186 881
60 310
119 207
279 440
67 172
28 740
351 729
196 316
69 223
72 341
607 705
571 802
124 451
623 685
181 199
229 318
442 702
175 572
602 843
100 208
43 75
560 777
204 249
229 305
60 958
233 239
20 37
0 14
614 709
756 995
191 247
362 380
111 215
690 827
270 320
823 945
73 144
162 512
311 947
53 441
186 667
148 380
174 516
144 614
222 534
2 29
37 108
575 775
0 377
414 528
140 442
58 841
676 790
69 78
64 202
85 696
484 610
264 769
103 922
168 271
152 162
229 503
219 248
100 659
211 991
84 326
3 725
341 387
634 682
371 726
305 340
433 802
89 408
416 442
88 258
180 827
83 246
24 806
4 8
298 708
525 541
524 561
33 268
13 27
143 623
643 940
124 427
623 683
245 455
187 210
595 994
123 480
42 157
35 85
607 903
221 222
5 127
79 943
631 820
6 77
303 681
222 718
373 428
401 503
565 893
238 845
4 220
40 192
54 59
127 473
485 547
489 741
6 34
761 817
762 841
147 853
82 532
261 373
53 107
319 490
118 118
372 432
444 613
207 880
97 740
165 342
499 526
266 773
124 753
52 118
636 759
14 15
474 661
52 112
208 339
15 432
6 476
108 879
158 200
298 597
216 397
108 767
13 13
136 218
418 472
299 655
448 465
323 527
290 351
137 952
212 306
95 134
486 525
3 525
41 931
246 905
318 881
295 305
90 347
35 312
233 243
427 443
11 61
303 481
74 294
51 292
667 906
75 654
4 172
625 910
64 864
192 314
97 365
228 271
588 630
370 971
43 95
69 604
526 541
341 777
11 62
235 822
348 704
345 805
631 957
646 767
777 996
178 363
252 355
138 165
38 344
441 896
396 527
378 422
9 30
153 539
36 364
152 266
50 96
160 191
240 645
584 636
28 115
42 63
16 369
442 824
73 302
62 537
331 768
178 870
167 843
68 163
395 515
156 237
151 301
842 985
202 711
679 816
289 640
459 828
172 770
155 492
18 308
349 419
217 540
206 735
9 26
70 214
572 879
62 202
207 228
2 5
176 735
352 720
30 33
765 973
282 619
131 436
423 974
179 506
0 1
83 766
126 549
354 358
92 693
374 390
251 625
208 648
855 858
57 319
268 760
441 597
501 574
188 837
85 255
410 611
111 946
83 175
758 873
213 872
508 744
730 877
898 992
945 951
79 675
624 754
140 962
275 338
307 513
225 754
139 900
64 216
63 76
99 101
98 98
45 928
362 844
80 426
306 373
537 556
504 790
190 924
122 378
18 607
69 200
8 128
158 505
212 343
641 882
728 788
71 955
30 115
584 749
160 626
112 427
194 820
57 383
263 538
18 30
9 296
36 77
502 507
576 890
323 458
418 648
205 426
76 98
270 499
118 576
279 496
157 327
150 228
231 507
25 311
74 104
169 265
1 6
4 805
7 27
729 742
513 906
281 936
179 985
21 37
158 368
131 320
269 821
139 534
61 269
318 456
171 709
294 405
15 470
362 445
308 695
144 216
93 284
805 900
165 253
46 358
400 809
195 488
376 529
174 464
6 281
53 81
39 313
3 786
35 842
485 573
940 987
808 979
5 347
21 610
142 441
66 328
834 905
305 462
0 4
8 348
179 229
136 159
623 907
169 300
437 961
161 779
619 794
114 954
13 69
264 499
310 329
316 456
20 73
133 426
36 496
234 472
6 16
94 133
187 204
438 866
135 230
406 571
11 603
430 598
443 666
75 405
522 659
756 877
249 788
119 119
369 559
53 107
352 575
13 373
8 17
299 848
433 560
153 182
123 320
34 90
384 900
332 404
325 428
50 787
97 150
25 106
469 924
131 313
29 38
135 156
257 286
136 584
147 786
281 761
116 159
133 282
476 672
8 468
100 614
215 479
535 849
99 262
40 165
51 860
430 680
373 525
114 471
263 312
120 649
23 464
91 107
421 786
647 682
94 777
43 391
150 940
407 412
216 385
779 805
39 306
4 642
496 542
825 960
74 139
272 464
440 983
586 999
103 966
83 204
211 854
204 265
239 254
47 65
89 261
734 791
156 191
361 383
730 761
658 942
268 918
110 131
74 450
619 625
320 507
197 293
271 296
22 210
211 570
467 676
131 159
337 353
513 781
606 787
423 555
118 763
278 635
11 104
25 300
112 716
12 268
297 983
345 395
3 285
25 555
20 42
2 3
737 806
6 18
70 524
265 312
544 700
474 872
190 320
17 290
299 452
243 350
173 222
62 299
464 597
387 717
315 871
467 964
17 858
555 817
50 51
304 604
77 85
127 144
616 826
82 288
45 133
89 275
139 991
25 179
431 648
131 284
267 358
682 743
200 401
5 574
305 311
356 810
286 618
61 296
37 167
100 330
172 603
239 681
58 958
128 177
157 177
429 637
221 291
550 857
105 263
15 270
130 394
287 839
126 152
185 203
8 70
111 116
95 970
411 940
951 974
221 703
269 580
397 779
512 675
864 907
611 632
191 292
329 728
242 527
252 601
232 525
296 592
200 401
120 709
711 822
305 644
347 633
129 236
270 306
507 714
393 796
254 256
399 580
109 190
283 318
161 738
25 50
189 676
24 126
51 250
771 917
773 899
350 989
286 407
272 822
294 315
351 575
96 259
7 10
103 135
445 567
32 112
157 399
521 892
218 919
88 236
656 860
72 535
145 669
176 392
170 612
252 419
132 407
465 973
519 563
41 416
825 944
30 677
307 543
558 804
409 503
463 792
217 839
230 518
644 975
6 443
88 295
353 381
288 937
40 554
369 690
512 557
225 339
290 431
255 334
717 889
10 188
31 128
633 859
474 481
658 717
56 164
12 36
233 534
789 833
29 558
60 99
431 561
765 989
324 696
18 32
195 543
417 736
144 193
668 979
0 7
14 43
611 903
651 957
356 913
14 18
307 485
20 35
111 344
269 697
356 358
432 954
137 169
384 432
